0 1 2 3 4 5 200 250 300 350 400 450
0 1 2 3 4 5 200 250 300 350 400 450
0 1 2 3 4 5 200 250 300 350 400 450
0 1 2 3 4 5 200 250 300 350 400 450
0 1 2 3 4 5 200 250 300 350 400 450
0 1 2 3 4 5 200 250 300 350 400 450
0 1 2 3 4 5 200 250 300 350 400 450
0 1 2 3 4 5 200 250 300 350 400 450
0 1 2 3 4 5 200 250 300 350 400 450
0 1 2 3 4 5 200 250 300 350 400 450
0 1 2 3 4 5 200 250 300 350 400 450
0 1 2 3 4 5 200 250 300 350 400 450
0 1 2 3 4 5 200 250 300 350 400 450
0 1 2 3 4 5 200 250 300 350 400 450
0 1 2 3 4 5 200 250 300 350 400 450
0 1 2 3 4 5 200 250 300 350 400 450
0 1 2 3 4 5 200 250 300 350 400 450
0 1 2 3 4 5 200 250 300 350 400 450
0 1 2 3 4 5 200 250 300 350 400 450
0 1 2 3 4 5 200 250 300 350 400 450
0 1 2 3 4 5 200 250 300 350 400 450




