S 2.0482145114831134 6 0 1 2 3 4 5 899 227 461 376 674 143 
S 0.19972059957457944 23 0 1 2 3 4 5 459 227 461 376 225 143 
S 0.5963088823831209 1 0 1 2 3 4 5 459 564 481 880 225 375 
B 1.6446673396422113 0 0 1 2 3 4 5 459 227 461 376 225 143 
B 3.8922956287008725 42 0 1 2 3 4 5 459 227 461 376 225 143 
S 0.6453806673047087 17 0 1 2 3 4 5 459 227 461 376 225 143 
S 0.257148309807933 20 0 1 2 3 4 5 459 227 461 376 225 143 
B 0.3363440604595409 21 0 1 2 3 4 5 459 227 461 376 225 143 
S 0.30411101746909175 30 0 1 2 3 4 5 459 227 461 376 225 143 
B 2.232293486906128 15 0 1 2 3 4 5 899 227 461 376 674 143 
B 0.31773227971796647 19 0 1 2 3 4 5 899 227 461 376 674 143 
B 0.8427546596825577 27 0 1 2 3 4 5 899 227 461 376 674 143 
B 0.2045438893162892 27 0 1 2 3 4 5 459 227 461 376 225 143 
B 1.3743743592382822 8 0 1 2 3 4 5 899 227 461 376 674 143 
B 1.2710172252578484 17 0 1 2 3 4 5 459 227 461 376 225 143 
B 1.4439238205292284 18 0 1 2 3 4 5 459 227 461 376 225 143 
S 0.16672214623197057 46 0 1 2 3 4 5 459 564 481 880 225 375 
S 2.083693901778405 23 0 1 2 3 4 5 899 227 461 376 674 143 
B 0.6587258929951165 40 0 1 2 3 4 5 459 227 461 376 225 143 
S 1.484122503238992 21 0 1 2 3 4 5 459 227 461 376 225 143 
S 0.08008668974178867 36 0 1 2 3 4 5 899 227 461 376 674 143 
B 0.2582598225851811 38 0 1 2 3 4 5 899 227 461 376 674 143 
S 0.24227807311592287 2 0 1 2 3 4 5 899 227 461 376 674 143 
B 0.7566714743427942 23 0 1 2 3 4 5 459 227 461 376 225 143 
S 1.818905810112784 29 0 1 2 3 4 5 459 564 481 880 225 375 
B 1.0395064899481197 10 0 1 2 3 4 5 459 227 461 376 225 143 
S 0.07394615780329072 37 0 1 2 3 4 5 459 564 481 880 225 375 
B 1.0945433766502441 31 0 1 2 3 4 5 459 227 461 376 225 143 
S 0.4995027139067041 11 0 1 2 3 4 5 459 227 461 376 225 143 
S 2.3334311597343538 7 0 1 2 3 4 5 459 564 481 880 225 375 
S 0.7746952489583085 33 0 1 2 3 4 5 459 227 461 376 225 143 
B 0.9676826340132596 18 0 1 2 3 4 5 459 227 461 376 225 143 
S 0.9349749217050256 23 0 1 2 3 4 5 459 227 461 376 225 143 
S 0.33479495409187887 0 0 1 2 3 4 5 459 227 461 376 225 143 
B 2.3205401884985823 31 0 1 2 3 4 5 459 564 481 880 225 375 
B 0.039841849487509684 37 0 1 2 3 4 5 459 564 481 880 225 375 
B 0.4438709130982863 18 0 1 2 3 4 5 459 564 481 880 225 375 
S 0.5194415907705432 2 0 1 2 3 4 5 459 227 461 376 225 143 
S 0.4107284635387316 40 0 1 2 3 4 5 459 227 461 376 225 143 
B 1.0883312977418091 11 0 1 2 3 4 5 459 227 461 376 225 143 
B 0.06399841426083697 45 0 1 2 3 4 5 459 564 481 880 225 375 
B 0.8748361522286778 45 0 1 2 3 4 5 899 227 461 376 674 143 
S 0.8714650570289093 16 0 1 2 3 4 5 459 227 461 376 225 143 
B 0.6872646438653218 4 0 1 2 3 4 5 459 564 481 880 225 375 
B 0.144727855444593 15 0 1 2 3 4 5 899 227 461 376 674 143 
S 0.6868924812436257 9 0 1 2 3 4 5 459 227 461 376 225 143 
B 1.4255147664498091 10 0 1 2 3 4 5 899 227 461 376 674 143 
B 0.16509855875824186 16 0 1 2 3 4 5 899 227 461 376 674 143 
S 0.5422908175385102 46 0 1 2 3 4 5 459 227 461 376 225 143 
S 0.021991964470809755 42 0 1 2 3 4 5 459 227 461 376 225 143 
S 0.4632811151158176 17 0 1 2 3 4 5 459 227 461 376 225 143 
B 0.9001247405106092 44 0 1 2 3 4 5 459 564 481 880 225 375 
B 1.0581482284150319 4 0 1 2 3 4 5 459 227 461 376 225 143 
S 0.488868600687681 38 0 1 2 3 4 5 459 227 461 376 225 143 
B 1.3170010957121532 26 0 1 2 3 4 5 459 227 461 376 225 143 
S 1.2298529455896992 26 0 1 2 3 4 5 459 564 481 880 225 375 
B 0.9780998936110112 36 0 1 2 3 4 5 459 564 481 880 225 375 
S 1.8638960848302446 4 0 1 2 3 4 5 459 227 461 376 225 143 
S 1.2053431007587303 46 0 1 2 3 4 5 459 227 461 376 225 143 
B 2.6741567051093877 34 0 1 2 3 4 5 459 227 461 376 225 143 
S 0.2699614011265785 42 0 1 2 3 4 5 459 227 461 376 225 143 
S 1.186547878827251 30 0 1 2 3 4 5 459 227 461 376 225 143 
B 3.2963801139094002 28 0 1 2 3 4 5 459 227 461 376 225 143 
S 0.7948493045776059 45 0 1 2 3 4 5 459 564 481 880 225 375 
B 0.386979638759815 29 0 1 2 3 4 5 899 227 461 376 674 143 
B 0.065049547715331 31 0 1 2 3 4 5 459 227 461 376 225 143 
B 0.7778374918326518 3 0 1 2 3 4 5 459 227 461 376 225 143 
S 1.152106199346143 30 0 1 2 3 4 5 459 564 481 880 225 375 
S 0.030593070747609197 15 0 1 2 3 4 5 459 227 461 376 225 143 
B 0.6459469305981793 15 0 1 2 3 4 5 899 227 461 376 674 143 
B 0.25539221287910685 11 0 1 2 3 4 5 459 227 461 376 225 143 
S 0.6276905176299543 3 0 1 2 3 4 5 459 227 461 376 225 143 
S 0.35613296450150234 23 0 1 2 3 4 5 459 564 481 880 225 375 
B 0.17389442576316494 37 0 1 2 3 4 5 459 227 461 376 225 143 
S 0.9833967877716123 46 0 1 2 3 4 5 459 564 481 880 225 375 
B 0.2563962362567134 24 0 1 2 3 4 5 459 564 481 880 225 375 
S 1.1954616627674275 6 0 1 2 3 4 5 459 564 481 880 225 375 
S 0.14594070214917032 42 0 1 2 3 4 5 899 227 461 376 674 143 
B 0.20102019511857616 35 0 1 2 3 4 5 459 564 481 880 225 375 
B 0.12959442331433557 7 0 1 2 3 4 5 899 227 461 376 674 143 
S 0.24887319317025547 3 0 1 2 3 4 5 899 227 461 376 674 143 
S 0.11886869973092207 25 0 1 2 3 4 5 459 564 481 880 225 375 
B 1.0358021490200802 15 0 1 2 3 4 5 459 227 461 376 225 143 
S 0.24101943775069756 26 0 1 2 3 4 5 459 227 461 376 225 143 
B 2.6881025452502625 12 0 1 2 3 4 5 459 564 481 880 225 375 
S 0.32419802523802854 28 0 1 2 3 4 5 459 227 461 376 225 143 
S 1.7740860769269267 30 0 1 2 3 4 5 459 227 461 376 225 143 
B 0.21562270993115007 23 0 1 2 3 4 5 459 227 461 376 225 143 
B 0.08348478520544678 42 0 1 2 3 4 5 459 564 481 880 225 375 
S 2.2266153930872346 2 0 1 2 3 4 5 459 227 461 376 225 143 
S 0.2857797633882049 36 0 1 2 3 4 5 459 564 481 880 225 375 
B 0.7695956516225184 39 0 1 2 3 4 5 459 227 461 376 225 143 
B 0.24594892271935365 40 0 1 2 3 4 5 899 227 461 376 674 143 
S 0.10726556246943275 8 0 1 2 3 4 5 459 227 461 376 225 143 
S 0.6304971546549645 2 0 1 2 3 4 5 899 227 461 376 674 143 
B 3.2233478977855174 24 0 1 2 3 4 5 459 227 461 376 225 143 
B 1.1879317052105574 37 0 1 2 3 4 5 459 564 481 880 225 375 
S 0.5253189206150592 45 0 1 2 3 4 5 459 227 461 376 225 143 
B 0.7646463807556962 32 0 1 2 3 4 5 459 227 461 376 225 143 
S 0.3056683841353198 37 0 1 2 3 4 5 459 227 461 376 225 143 
S 0.670506891603103 42 0 1 2 3 4 5 459 564 481 880 225 375 
B 0.9336934994899453 19 0 1 2 3 4 5 459 227 461 376 225 143 
S 0.9267396403343184 0 0 1 2 3 4 5 459 227 461 376 225 143 
S 1.5205393622681012 28 0 1 2 3 4 5 459 564 481 880 225 375 
S 0.09191743480643311 25 0 1 2 3 4 5 459 227 461 376 225 143 
S 1.2764185298681205 37 0 1 2 3 4 5 899 227 461 376 674 143 
B 0.062352826492573676 23 0 1 2 3 4 5 899 227 461 376 674 143 
B 0.43592862458575876 18 0 1 2 3 4 5 459 227 461 376 225 143 
B 1.1548731924355193 35 0 1 2 3 4 5 899 227 461 376 674 143 
S 1.0324384232414952 45 0 1 2 3 4 5 459 227 461 376 225 143 
S 0.24974975896428298 23 0 1 2 3 4 5 459 227 461 376 225 143 
B 0.7073410115818213 21 0 1 2 3 4 5 459 227 461 376 225 143 
B 0.030467986130314095 23 0 1 2 3 4 5 459 564 481 880 225 375 
S 0.8085437195008138 0 0 1 2 3 4 5 459 227 461 376 225 143 
B 2.103444296359079 24 0 1 2 3 4 5 459 564 481 880 225 375 
S 0.8826979378671176 19 0 1 2 3 4 5 899 227 461 376 674 143 
S 0.2819267542018604 8 0 1 2 3 4 5 899 227 461 376 674 143 
S 0.8878596863620238 0 0 1 2 3 4 5 459 227 461 376 225 143 
S 1.604461293985656 27 0 1 2 3 4 5 899 227 461 376 674 143 
S 0.2799711613421616 23 0 1 2 3 4 5 899 227 461 376 674 143 
B 1.8441795717607699 29 0 1 2 3 4 5 459 227 461 376 225 143 
B 1.3839029335497148 36 0 1 2 3 4 5 899 227 461 376 674 143 
B 1.1838479043644643 28 0 1 2 3 4 5 459 227 461 376 225 143 
S 0.5572658554019636 25 0 1 2 3 4 5 459 227 461 376 225 143 
S 0.3922058117079912 2 0 1 2 3 4 5 899 227 461 376 674 143 
S 0.38305060075988084 16 0 1 2 3 4 5 459 564 481 880 225 375 
B 0.294919739494679 44 0 1 2 3 4 5 459 564 481 880 225 375 
S 1.1543599229977692 28 0 1 2 3 4 5 459 227 461 376 225 143 
S 1.165027973183431 3 0 1 2 3 4 5 899 227 461 376 674 143 
B 1.5499873951787801 24 0 1 2 3 4 5 459 564 481 880 225 375 
B 0.16924064687280094 33 0 1 2 3 4 5 459 564 481 880 225 375 
B 0.3269626984220988 10 0 1 2 3 4 5 459 564 481 880 225 375 
S 0.0896674809665754 40 0 1 2 3 4 5 459 227 461 376 225 143 
S 0.35803207149113536 39 0 1 2 3 4 5 459 227 461 376 225 143 
B 0.048216862230662016 20 0 1 2 3 4 5 899 227 461 376 674 143 
B 2.4675305103866805 29 0 1 2 3 4 5 459 227 461 376 225 143 
B 0.33739838953591583 34 0 1 2 3 4 5 459 564 481 880 225 375 
B 1.091710915752838 6 0 1 2 3 4 5 459 227 461 376 225 143 
S 1.3844324762731333 11 0 1 2 3 4 5 899 227 461 376 674 143 
S 1.40348341597198 5 0 1 2 3 4 5 459 227 461 376 225 143 
S 0.43206199762917485 2 0 1 2 3 4 5 899 227 461 376 674 143 
B 2.51580637118691 1 0 1 2 3 4 5 899 227 461 376 674 143 
B 0.4349037323185314 28 0 1 2 3 4 5 459 227 461 376 225 143 
S 0.7772549732370324 4 0 1 2 3 4 5 459 227 461 376 225 143 
B 0.4022495967788746 10 0 1 2 3 4 5 459 564 481 880 225 375 
B 0.23291722633606948 9 0 1 2 3 4 5 459 564 481 880 225 375 
B 0.2690074863978378 42 0 1 2 3 4 5 459 564 481 880 225 375 
B 3.3787399996976966 40 0 1 2 3 4 5 459 227 461 376 225 143 
S 0.9316912167194378 18 0 1 2 3 4 5 899 227 461 376 674 143 
S 0.9857302643849906 42 0 1 2 3 4 5 459 227 461 376 225 143 
B 2.550033564566159 17 0 1 2 3 4 5 459 227 461 376 225 143 
S 1.3118846359553968 1 0 1 2 3 4 5 459 227 461 376 225 143 
S 0.08974436064524305 5 0 1 2 3 4 5 459 227 461 376 225 143 
B 0.23723584170189138 32 0 1 2 3 4 5 899 227 461 376 674 143 
S 0.4283770338419588 29 0 1 2 3 4 5 899 227 461 376 674 143 
S 1.1357414198070614 2 0 1 2 3 4 5 899 227 461 376 674 143 
S 1.182576658690154 28 0 1 2 3 4 5 899 227 461 376 674 143 
S 0.05105529719274138 16 0 1 2 3 4 5 459 227 461 376 225 143 
B 0.9080859499731933 31 0 1 2 3 4 5 899 227 461 376 674 143 
B 0.7639233411490292 35 0 1 2 3 4 5 459 227 461 376 225 143 
S 1.5292582775713104 40 0 1 2 3 4 5 459 564 481 880 225 375 
S 1.2873863608492044 38 0 1 2 3 4 5 459 227 461 376 225 143 
S 0.2130080336396789 24 0 1 2 3 4 5 459 227 461 376 225 143 
B 1.483096159246717 41 0 1 2 3 4 5 459 227 461 376 225 143 
S 1.5701570665283366 4 0 1 2 3 4 5 459 227 461 376 225 143 
S 0.4301971156212252 6 0 1 2 3 4 5 899 227 461 376 674 143 
S 0.7854362963287098 14 0 1 2 3 4 5 459 227 461 376 225 143 
B 0.7516538153525794 15 0 1 2 3 4 5 899 227 461 376 674 143 
B 2.5567525826000255 4 0 1 2 3 4 5 459 564 481 880 225 375 
B 0.7551463473928841 33 0 1 2 3 4 5 899 227 461 376 674 143 
S 1.0965896674738804 42 0 1 2 3 4 5 459 564 481 880 225 375 
S 1.8011195016253296 17 0 1 2 3 4 5 459 564 481 880 225 375 
S 1.4255160876303856 27 0 1 2 3 4 5 459 227 461 376 225 143 
S 0.29415331486378893 14 0 1 2 3 4 5 459 227 461 376 225 143 
S 1.2215721026216197 24 0 1 2 3 4 5 459 227 461 376 225 143 
B 1.2725144848595367 3 0 1 2 3 4 5 459 564 481 880 225 375 
B 2.0923486697704012 43 0 1 2 3 4 5 899 227 461 376 674 143 
S 0.31043587250060956 43 0 1 2 3 4 5 459 564 481 880 225 375 
B 0.8186822944018788 27 0 1 2 3 4 5 899 227 461 376 674 143 
S 0.044692288900564314 35 0 1 2 3 4 5 459 227 461 376 225 143 
S 1.8167481055580952 21 0 1 2 3 4 5 899 227 461 376 674 143 
B 1.9674589334780173 6 0 1 2 3 4 5 899 227 461 376 674 143 
S 1.9459904286781295 8 0 1 2 3 4 5 459 227 461 376 225 143 
S 0.12127442590026671 25 0 1 2 3 4 5 459 227 461 376 225 143 
B 0.3631517324676192 24 0 1 2 3 4 5 459 227 461 376 225 143 
S 1.4990319251950837 8 0 1 2 3 4 5 459 564 481 880 225 375 
B 0.6088208880422679 39 0 1 2 3 4 5 459 564 481 880 225 375 
S 0.71305930793927 28 0 1 2 3 4 5 899 227 461 376 674 143 
S 0.24731624247934203 31 0 1 2 3 4 5 899 227 461 376 674 143 
S 1.4035811881722857 34 0 1 2 3 4 5 899 227 461 376 674 143 
B 0.13388235909124901 9 0 1 2 3 4 5 899 227 461 376 674 143 
S 1.0339006775891377 22 0 1 2 3 4 5 459 227 461 376 225 143 
S 1.6035803615010042 1 0 1 2 3 4 5 459 564 481 880 225 375 
S 1.9050678310151632 14 0 1 2 3 4 5 459 564 481 880 225 375 
B 2.7210328146678044 14 0 1 2 3 4 5 899 227 461 376 674 143 
S 0.6585626941240417 25 0 1 2 3 4 5 899 227 461 376 674 143 
S 1.2606344453451168 25 0 1 2 3 4 5 899 227 461 376 674 143 
S 0.34342431039590604 29 0 1 2 3 4 5 459 227 461 376 225 143 
S 0.9328695987229194 25 0 1 2 3 4 5 459 564 481 880 225 375 
S 1.0140108392965388 46 0 1 2 3 4 5 899 227 461 376 674 143 
S 0.6914139272167326 18 0 1 2 3 4 5 899 227 461 376 674 143 
S 0.07250443813538077 42 0 1 2 3 4 5 899 227 461 376 674 143 
S 0.46111317951057984 21 0 1 2 3 4 5 459 564 481 880 225 375 
B 0.10051015900486604 22 0 1 2 3 4 5 459 227 461 376 225 143 
B 1.4697699145744236 19 0 1 2 3 4 5 459 227 461 376 225 143 
B 0.12927967709669108 27 0 1 2 3 4 5 459 227 461 376 225 143 
B 0.12722012054739995 34 0 1 2 3 4 5 459 564 481 880 225 375 
B 1.3344344769556198 22 0 1 2 3 4 5 459 564 481 880 225 375 
S 0.43637205921509903 33 0 1 2 3 4 5 459 227 461 376 225 143 
S 0.7489451103419933 1 0 1 2 3 4 5 459 227 461 376 225 143 
B 0.37755837255842817 34 0 1 2 3 4 5 459 564 481 880 225 375 
S 1.2654647792033167 46 0 1 2 3 4 5 899 227 461 376 674 143 
S 0.862947416844217 44 0 1 2 3 4 5 459 564 481 880 225 375 
S 0.7468210842921161 19 0 1 2 3 4 5 459 564 481 880 225 375 
B 0.19340911170096842 13 0 1 2 3 4 5 459 227 461 376 225 143 
S 1.0697295748992683 31 0 1 2 3 4 5 459 227 461 376 225 143 
B 1.1778924348245976 23 0 1 2 3 4 5 459 564 481 880 225 375 
B 0.4497355766596147 4 0 1 2 3 4 5 459 227 461 376 225 143 
S 1.7481740769385956 19 0 1 2 3 4 5 899 227 461 376 674 143 
B 0.5964982630482227 23 0 1 2 3 4 5 899 227 461 376 674 143 
B 2.3577672445830498 35 0 1 2 3 4 5 459 227 461 376 225 143 
S 1.579006597590931 30 0 1 2 3 4 5 899 227 461 376 674 143 
S 0.5560284377387701 25 0 1 2 3 4 5 459 227 461 376 225 143 
S 0.8929346332960861 12 0 1 2 3 4 5 459 564 481 880 225 375 
B 2.1331224592168523 9 0 1 2 3 4 5 899 227 461 376 674 143 
B 0.20123989495211347 25 0 1 2 3 4 5 459 564 481 880 225 375 
S 0.3955436390395741 13 0 1 2 3 4 5 459 564 481 880 225 375 
S 1.3693146177837576 17 0 1 2 3 4 5 459 227 461 376 225 143 
B 0.6342108931556005 41 0 1 2 3 4 5 899 227 461 376 674 143 
B 0.9828709540796741 15 0 1 2 3 4 5 899 227 461 376 674 143 
S 1.0031952313644972 41 0 1 2 3 4 5 459 227 461 376 225 143 
B 0.7463876231023541 6 0 1 2 3 4 5 459 227 461 376 225 143 
S 2.0466213569156793 26 0 1 2 3 4 5 459 564 481 880 225 375 
S 0.1099262396938876 26 0 1 2 3 4 5 459 564 481 880 225 375 
S 0.5944868929426921 0 0 1 2 3 4 5 459 227 461 376 225 143 
S 0.7124061323114734 31 0 1 2 3 4 5 459 564 481 880 225 375 
S 0.30378286830135703 24 0 1 2 3 4 5 459 227 461 376 225 143 
S 1.477313849111102 36 0 1 2 3 4 5 459 564 481 880 225 375 
S 1.336201896830799 34 0 1 2 3 4 5 459 227 461 376 225 143 
B 0.2761399250111669 1 0 1 2 3 4 5 459 227 461 376 225 143 
B 0.11722364099955129 11 0 1 2 3 4 5 459 564 481 880 225 375 
B 0.29990218360666177 15 0 1 2 3 4 5 459 564 481 880 225 375 
B 1.4103326282645021 30 0 1 2 3 4 5 899 227 461 376 674 143 
S 1.2218380303686 19 0 1 2 3 4 5 899 227 461 376 674 143 
B 3.0300510340986735 26 0 1 2 3 4 5 459 564 481 880 225 375 
S 1.1971301349746977 29 0 1 2 3 4 5 459 564 481 880 225 375 
S 0.22072447364406145 8 0 1 2 3 4 5 459 227 461 376 225 143 
S 0.11962572867806376 12 0 1 2 3 4 5 459 564 481 880 225 375 
S 0.28199394931255384 4 0 1 2 3 4 5 459 227 461 376 225 143 
S 0.7852408725292088 39 0 1 2 3 4 5 899 227 461 376 674 143 
B 3.0470866555546294 14 0 1 2 3 4 5 459 564 481 880 225 375 
B 0.05556614946859906 6 0 1 2 3 4 5 459 564 481 880 225 375 
B 0.9940267458883545 39 0 1 2 3 4 5 459 227 461 376 225 143 
B 0.42831703194217674 17 0 1 2 3 4 5 459 227 461 376 225 143 
S 0.6381101969004845 31 0 1 2 3 4 5 899 227 461 376 674 143 
S 0.32608233155937416 44 0 1 2 3 4 5 899 227 461 376 674 143 
S 0.7409884740149764 26 0 1 2 3 4 5 459 564 481 880 225 375 
S 1.2157493343808303 28 0 1 2 3 4 5 459 227 461 376 225 143 
S 1.3144324888278032 2 0 1 2 3 4 5 459 227 461 376 225 143 
S 1.5312716867381484 1 0 1 2 3 4 5 459 227 461 376 225 143 
B 0.0003466021017963783 12 0 1 2 3 4 5 899 227 461 376 674 143 
S 0.5626862528544239 37 0 1 2 3 4 5 459 564 481 880 225 375 
S 1.630137306696282 11 0 1 2 3 4 5 459 564 481 880 225 375 
B 0.45308498525953755 36 0 1 2 3 4 5 459 564 481 880 225 375 
B 0.29381386936925313 16 0 1 2 3 4 5 899 227 461 376 674 143 
B 0.6958612705551763 2 0 1 2 3 4 5 459 227 461 376 225 143 
S 0.027729380107125223 20 0 1 2 3 4 5 899 227 461 376 674 143 
S 0.36862651841970706 2 0 1 2 3 4 5 899 227 461 376 674 143 
B 2.4913924029934664 30 0 1 2 3 4 5 459 227 461 376 225 143 
B 0.20162238073428895 1 0 1 2 3 4 5 459 564 481 880 225 375 
S 0.1714649454449546 8 0 1 2 3 4 5 459 564 481 880 225 375 
S 0.7445214558688269 45 0 1 2 3 4 5 899 227 461 376 674 143 
S 1.4386340422931774 22 0 1 2 3 4 5 459 227 461 376 225 143 
B 0.9646370669098339 20 0 1 2 3 4 5 899 227 461 376 674 143 
S 1.9532685860383197 39 0 1 2 3 4 5 459 227 461 376 225 143 
S 0.006843513192071882 3 0 1 2 3 4 5 459 227 461 376 225 143 
B 3.0109859795538787 13 0 1 2 3 4 5 459 227 461 376 225 143 
B 1.2318548021887015 0 0 1 2 3 4 5 459 227 461 376 225 143 
B 1.7409607635111053 25 0 1 2 3 4 5 459 227 461 376 225 143 
S 0.6189892962259655 42 0 1 2 3 4 5 459 564 481 880 225 375 
S 0.8551260978911515 36 0 1 2 3 4 5 899 227 461 376 674 143 
B 1.0188293998717315 27 0 1 2 3 4 5 459 564 481 880 225 375 
B 1.1493390319887329 43 0 1 2 3 4 5 899 227 461 376 674 143 
B 0.7576273963584264 30 0 1 2 3 4 5 459 564 481 880 225 375 
B 1.8443268276817948 5 0 1 2 3 4 5 459 564 481 880 225 375 
S 0.8784702465168106 30 0 1 2 3 4 5 459 227 461 376 225 143 
S 0.2680930619224444 44 0 1 2 3 4 5 459 227 461 376 225 143 
S 0.38795350091600067 46 0 1 2 3 4 5 459 564 481 880 225 375 
S 1.3786856297252772 21 0 1 2 3 4 5 459 564 481 880 225 375 
S 1.3384518442388353 18 0 1 2 3 4 5 459 227 461 376 225 143 
B 0.7303787981283003 7 0 1 2 3 4 5 899 227 461 376 674 143 
S 0.5389693602262744 29 0 1 2 3 4 5 459 564 481 880 225 375 
S 0.8291986602155781 11 0 1 2 3 4 5 459 227 461 376 225 143 
S 0.6714406304340654 6 0 1 2 3 4 5 459 227 461 376 225 143 
B 0.4692895964711452 9 0 1 2 3 4 5 459 227 461 376 225 143 
B 0.6714301717435625 18 0 1 2 3 4 5 459 227 461 376 225 143 
S 0.14049548763718178 2 0 1 2 3 4 5 459 564 481 880 225 375 
S 0.6471770328612703 27 0 1 2 3 4 5 459 227 461 376 225 143 
S 1.1950713888742266 17 0 1 2 3 4 5 459 227 461 376 225 143 
S 0.7453548244104908 39 0 1 2 3 4 5 459 227 461 376 225 143 
S 0.21808607318015394 4 0 1 2 3 4 5 459 564 481 880 225 375 
S 0.7115254840269101 13 0 1 2 3 4 5 899 227 461 376 674 143 
S 0.12291920413298563 35 0 1 2 3 4 5 459 227 461 376 225 143 
S 0.7128949644277158 38 0 1 2 3 4 5 899 227 461 376 674 143 
S 0.3060531491339873 40 0 1 2 3 4 5 459 564 481 880 225 375 
B 1.1460938950401607 23 0 1 2 3 4 5 459 227 461 376 225 143 
B 1.3596035404156774 18 0 1 2 3 4 5 459 564 481 880 225 375 
B 0.07608290656624117 11 0 1 2 3 4 5 459 227 461 376 225 143 
S 0.44499112061938906 17 0 1 2 3 4 5 459 227 461 376 225 143 
S 0.5393851793423137 31 0 1 2 3 4 5 899 227 461 376 674 143 
S 2.0427584218268837 45 0 1 2 3 4 5 459 564 481 880 225 375 
B 0.168971162187316 4 0 1 2 3 4 5 459 564 481 880 225 375 
B 0.2839080268891747 21 0 1 2 3 4 5 459 227 461 376 225 143 
B 0.4424613021950137 43 0 1 2 3 4 5 459 564 481 880 225 375 
B 0.25195784161370405 2 0 1 2 3 4 5 459 227 461 376 225 143 
S 1.1851107596150046 8 0 1 2 3 4 5 899 227 461 376 674 143 
S 0.75466920525741 16 0 1 2 3 4 5 899 227 461 376 674 143 
B 2.3425373505225693 3 0 1 2 3 4 5 459 564 481 880 225 375 
S 1.2749377857489739 8 0 1 2 3 4 5 459 227 461 376 225 143 
S 0.39742120825417615 23 0 1 2 3 4 5 899 227 461 376 674 143 
S 0.38791772660736257 46 0 1 2 3 4 5 899 227 461 376 674 143 
B 2.1542419066204967 18 0 1 2 3 4 5 459 564 481 880 225 375 
S 1.0650646080345156 25 0 1 2 3 4 5 459 564 481 880 225 375 
B 0.5475985108435895 27 0 1 2 3 4 5 459 227 461 376 225 143 
S 0.9180237886085676 13 0 1 2 3 4 5 899 227 461 376 674 143 
S 0.5229404866073581 19 0 1 2 3 4 5 899 227 461 376 674 143 
B 1.337035369298948 5 0 1 2 3 4 5 459 564 481 880 225 375 
S 0.9547975433955997 15 0 1 2 3 4 5 459 227 461 376 225 143 
S 0.09949763768451181 22 0 1 2 3 4 5 899 227 461 376 674 143 
S 0.8507080145365009 23 0 1 2 3 4 5 459 564 481 880 225 375 
S 0.3218935270381138 15 0 1 2 3 4 5 459 227 461 376 225 143 
B 0.7876542026198612 14 0 1 2 3 4 5 899 227 461 376 674 143 
S 1.2278107913924208 40 0 1 2 3 4 5 459 564 481 880 225 375 
B 3.0237263078204064 29 0 1 2 3 4 5 459 564 481 880 225 375 
S 1.4257159062229485 25 0 1 2 3 4 5 899 227 461 376 674 143 
S 0.03995173641033478 8 0 1 2 3 4 5 459 564 481 880 225 375 
S 1.0557752166933296 13 0 1 2 3 4 5 459 564 481 880 225 375 
B 0.7344347421074886 13 0 1 2 3 4 5 459 227 461 376 225 143 
S 1.4129705443751828 45 0 1 2 3 4 5 459 564 481 880 225 375 
B 0.17887960208162657 43 0 1 2 3 4 5 459 564 481 880 225 375 
S 0.35654474411345216 17 0 1 2 3 4 5 459 564 481 880 225 375 
S 0.9154243492301015 35 0 1 2 3 4 5 459 564 481 880 225 375 
B 1.2355196798514276 31 0 1 2 3 4 5 459 564 481 880 225 375 
S 1.1226291062569622 9 0 1 2 3 4 5 459 227 461 376 225 143 
B 0.2619386414630762 12 0 1 2 3 4 5 459 227 461 376 225 143 
B 1.9955394747696795 45 0 1 2 3 4 5 459 564 481 880 225 375 
S 0.7704357576369434 0 0 1 2 3 4 5 459 564 481 880 225 375 
S 0.5828207093958389 25 0 1 2 3 4 5 459 227 461 376 225 143 
S 0.5352521749665691 1 0 1 2 3 4 5 459 564 481 880 225 375 
S 0.30909629704473307 23 0 1 2 3 4 5 459 227 461 376 225 143 
B 3.133939754003066 8 0 1 2 3 4 5 459 564 481 880 225 375 
S 0.810573871940595 20 0 1 2 3 4 5 459 227 461 376 225 143 
S 0.3447395919352898 29 0 1 2 3 4 5 899 227 461 376 674 143 
B 0.5610915501293228 33 0 1 2 3 4 5 459 227 461 376 225 143 
S 0.5519321148153233 37 0 1 2 3 4 5 899 227 461 376 674 143 
S 0.09621290992507436 25 0 1 2 3 4 5 459 564 481 880 225 375 
B 0.17393365356879453 27 0 1 2 3 4 5 459 564 481 880 225 375 
B 0.36235195821776767 39 0 1 2 3 4 5 899 227 461 376 674 143 
S 1.4960418302344616 37 0 1 2 3 4 5 459 564 481 880 225 375 
S 1.859084369669107 28 0 1 2 3 4 5 459 227 461 376 225 143 
B 0.39678013331075324 20 0 1 2 3 4 5 899 227 461 376 674 143 
S 0.8357284524855526 29 0 1 2 3 4 5 459 227 461 376 225 143 
B 0.6139637747280453 36 0 1 2 3 4 5 459 227 461 376 225 143 
B 1.99252130970571 0 0 1 2 3 4 5 459 227 461 376 225 143 
B 2.1965299111505674 9 0 1 2 3 4 5 459 227 461 376 225 143 
S 0.19250135236507582 6 0 1 2 3 4 5 899 227 461 376 674 143 
S 0.3563788012962803 10 0 1 2 3 4 5 899 227 461 376 674 143 
B 0.28832292785477787 36 0 1 2 3 4 5 899 227 461 376 674 143 
S 0.3072176177533681 13 0 1 2 3 4 5 459 227 461 376 225 143 
B 0.5417688832681007 3 0 1 2 3 4 5 459 227 461 376 225 143 
S 0.7700023856703346 29 0 1 2 3 4 5 459 227 461 376 225 143 
S 0.7789272302661576 46 0 1 2 3 4 5 899 227 461 376 674 143 
S 0.8802091199018403 33 0 1 2 3 4 5 459 227 461 376 225 143 
S 1.0430668795684737 17 0 1 2 3 4 5 899 227 461 376 674 143 
B 0.15657240470843536 14 0 1 2 3 4 5 899 227 461 376 674 143 
B 0.6287266266519342 25 0 1 2 3 4 5 459 227 461 376 225 143 
B 0.5460716600539781 23 0 1 2 3 4 5 899 227 461 376 674 143 
B 0.393770885713268 35 0 1 2 3 4 5 459 564 481 880 225 375 
B 0.1409473244937276 10 0 1 2 3 4 5 459 227 461 376 225 143 
S 0.08633225893259322 43 0 1 2 3 4 5 459 564 481 880 225 375 
S 0.6471273188874331 2 0 1 2 3 4 5 899 227 461 376 674 143 
S 1.1320747906916102 0 0 1 2 3 4 5 459 564 481 880 225 375 
B 0.08286969807434197 0 0 1 2 3 4 5 459 227 461 376 225 143 
S 1.3007778971727566 11 0 1 2 3 4 5 459 227 461 376 225 143 
S 0.7557086348544484 26 0 1 2 3 4 5 459 227 461 376 225 143 
S 1.5304421107646071 8 0 1 2 3 4 5 899 227 461 376 674 143 
B 0.2066761505202077 8 0 1 2 3 4 5 459 564 481 880 225 375 
S 0.5249649148665565 41 0 1 2 3 4 5 459 227 461 376 225 143 
B 1.7661669007398348 13 0 1 2 3 4 5 459 227 461 376 225 143 
S 1.262939004053834 31 0 1 2 3 4 5 459 227 461 376 225 143 
S 1.4275454193881956 44 0 1 2 3 4 5 459 564 481 880 225 375 
S 1.4987581611774505 11 0 1 2 3 4 5 459 227 461 376 225 143 
B 1.9333657739802153 9 0 1 2 3 4 5 459 227 461 376 225 143 
B 0.011540459946732362 28 0 1 2 3 4 5 459 564 481 880 225 375 
B 2.3994050893054384 11 0 1 2 3 4 5 899 227 461 376 674 143 
B 0.07783937607661873 28 0 1 2 3 4 5 459 227 461 376 225 143 
B 1.1296525682709069 25 0 1 2 3 4 5 899 227 461 376 674 143 
B 0.22912626407415537 17 0 1 2 3 4 5 459 227 461 376 225 143 
B 0.16952940478931655 0 0 1 2 3 4 5 459 227 461 376 225 143 
S 0.27482719106508213 33 0 1 2 3 4 5 459 227 461 376 225 143 
S 0.3753439767384146 3 0 1 2 3 4 5 459 564 481 880 225 375 
S 0.34845590730817033 8 0 1 2 3 4 5 459 564 481 880 225 375 
B 0.5781726794973006 25 0 1 2 3 4 5 899 227 461 376 674 143 
B 1.3548364392772783 32 0 1 2 3 4 5 459 227 461 376 225 143 
B 1.0800413680019316 34 0 1 2 3 4 5 459 227 461 376 225 143 
B 0.36452745513410534 40 0 1 2 3 4 5 899 227 461 376 674 143 
S 0.7787447307273361 31 0 1 2 3 4 5 459 227 461 376 225 143 
S 1.088505211411551 12 0 1 2 3 4 5 899 227 461 376 674 143 
B 0.45523032681821984 11 0 1 2 3 4 5 459 564 481 880 225 375 
S 1.5507622069428217 16 0 1 2 3 4 5 459 227 461 376 225 143 
S 1.2473396716610514 4 0 1 2 3 4 5 459 227 461 376 225 143 
B 0.9802204471309555 10 0 1 2 3 4 5 459 227 461 376 225 143 
B 0.5219433135785883 42 0 1 2 3 4 5 459 564 481 880 225 375 
B 1.11307708309148 27 0 1 2 3 4 5 459 227 461 376 225 143 
B 0.20857557637051372 3 0 1 2 3 4 5 459 227 461 376 225 143 
B 0.34203198312486904 7 0 1 2 3 4 5 459 227 461 376 225 143 
S 0.16137614943615475 31 0 1 2 3 4 5 459 564 481 880 225 375 
B 1.4956426310200372 9 0 1 2 3 4 5 459 227 461 376 225 143 
S 0.4398712737826074 46 0 1 2 3 4 5 459 227 461 376 225 143 
S 0.7883708268984719 2 0 1 2 3 4 5 459 227 461 376 225 143 
B 1.910349608004747 14 0 1 2 3 4 5 899 227 461 376 674 143 
S 0.05770724103303149 28 0 1 2 3 4 5 899 227 461 376 674 143 
B 0.25253863671692667 19 0 1 2 3 4 5 459 227 461 376 225 143 
B 0.21281139695999318 0 0 1 2 3 4 5 459 227 461 376 225 143 
S 0.050779668931134836 11 0 1 2 3 4 5 459 227 461 376 225 143 
S 0.8472886179328825 29 0 1 2 3 4 5 459 227 461 376 225 143 
S 0.15476297114663495 16 0 1 2 3 4 5 899 227 461 376 674 143 
S 1.9050984781677727 28 0 1 2 3 4 5 459 564 481 880 225 375 
B 0.575992721527129 18 0 1 2 3 4 5 899 227 461 376 674 143 
S 0.6020655276734246 18 0 1 2 3 4 5 459 227 461 376 225 143 
S 0.2931403822986214 34 0 1 2 3 4 5 459 227 461 376 225 143 
S 0.5407501959582479 26 0 1 2 3 4 5 899 227 461 376 674 143 
S 0.6086985260432458 26 0 1 2 3 4 5 459 227 461 376 225 143 
S 0.0036006340471121945 34 0 1 2 3 4 5 459 227 461 376 225 143 
S 1.0820920617238459 38 0 1 2 3 4 5 459 227 461 376 225 143 
S 1.694931525805063 4 0 1 2 3 4 5 459 564 481 880 225 375 
B 0.8338031666334178 20 0 1 2 3 4 5 899 227 461 376 674 143 
S 1.5506390897150135 45 0 1 2 3 4 5 459 227 461 376 225 143 
B 3.0952754541120004 41 0 1 2 3 4 5 459 227 461 376 225 143 
S 1.456790596196285 46 0 1 2 3 4 5 459 227 461 376 225 143 
S 1.1739640917161323 8 0 1 2 3 4 5 899 227 461 376 674 143 
B 0.057070940781138724 26 0 1 2 3 4 5 459 227 461 376 225 143 
B 0.1021311444903299 28 0 1 2 3 4 5 899 227 461 376 674 143 
S 0.9048336539364836 13 0 1 2 3 4 5 459 227 461 376 225 143 
B 0.995053981857799 17 0 1 2 3 4 5 899 227 461 376 674 143 
B 0.32165801370116665 20 0 1 2 3 4 5 459 564 481 880 225 375 
B 0.892164114724963 2 0 1 2 3 4 5 459 564 481 880 225 375 
S 0.6928155926195236 20 0 1 2 3 4 5 459 227 461 376 225 143 
S 0.14854205355296646 9 0 1 2 3 4 5 459 564 481 880 225 375 
S 1.4373712412710944 42 0 1 2 3 4 5 459 564 481 880 225 375 
S 0.6700387056380013 8 0 1 2 3 4 5 899 227 461 376 674 143 
S 0.40749256454264327 3 0 1 2 3 4 5 459 564 481 880 225 375 
S 1.3717678178979966 20 0 1 2 3 4 5 459 564 481 880 225 375 
B 0.2714422595809527 22 0 1 2 3 4 5 459 564 481 880 225 375 
S 0.3680464480279495 7 0 1 2 3 4 5 459 564 481 880 225 375 
B 3.1286892177786383 34 0 1 2 3 4 5 459 227 461 376 225 143 
S 1.1246858285453945 28 0 1 2 3 4 5 459 227 461 376 225 143 
S 0.2920830593115422 41 0 1 2 3 4 5 459 227 461 376 225 143 
B 0.5607964525518767 17 0 1 2 3 4 5 459 227 461 376 225 143 
B 0.14891576608002843 20 0 1 2 3 4 5 459 564 481 880 225 375 
B 0.11859348461146269 14 0 1 2 3 4 5 459 564 481 880 225 375 
S 1.6145468446050932 20 0 1 2 3 4 5 459 227 461 376 225 143 
S 0.8824736594503886 38 0 1 2 3 4 5 899 227 461 376 674 143 
B 0.1070271544944763 34 0 1 2 3 4 5 459 227 461 376 225 143 
B 0.5197403874113347 18 0 1 2 3 4 5 459 564 481 880 225 375 
B 0.10217041827713036 9 0 1 2 3 4 5 459 564 481 880 225 375 
B 2.8825433509780005 42 0 1 2 3 4 5 459 564 481 880 225 375 
B 0.16355713791110293 16 0 1 2 3 4 5 459 227 461 376 225 143 
S 0.7056282973594756 36 0 1 2 3 4 5 459 564 481 880 225 375 
S 0.7136184894017452 18 0 1 2 3 4 5 899 227 461 376 674 143 
B 0.2735900694456479 18 0 1 2 3 4 5 899 227 461 376 674 143 
S 1.3405870646030715 36 0 1 2 3 4 5 459 564 481 880 225 375 
B 0.4306795977207054 28 0 1 2 3 4 5 459 227 461 376 225 143 
S 0.6008615621588538 37 0 1 2 3 4 5 459 227 461 376 225 143 
S 1.5637990644275535 34 0 1 2 3 4 5 899 227 461 376 674 143 
B 0.9599042652281735 20 0 1 2 3 4 5 899 227 461 376 674 143 
S 1.4542901386570382 45 0 1 2 3 4 5 459 564 481 880 225 375 
B 0.10016097866507678 45 0 1 2 3 4 5 459 227 461 376 225 143 
B 1.3233403609938694 6 0 1 2 3 4 5 459 227 461 376 225 143 
S 0.29468123642731303 14 0 1 2 3 4 5 459 227 461 376 225 143 
B 0.9712471528541924 23 0 1 2 3 4 5 459 227 461 376 225 143 
B 1.2666933454936506 26 0 1 2 3 4 5 459 227 461 376 225 143 
B 1.3609280186647288 16 0 1 2 3 4 5 459 227 461 376 225 143 
B 1.3844777809598066 33 0 1 2 3 4 5 459 227 461 376 225 143 
B 0.4614553294490946 1 0 1 2 3 4 5 459 564 481 880 225 375 
B 0.4114167297857456 38 0 1 2 3 4 5 459 564 481 880 225 375 
B 0.03948827722593862 4 0 1 2 3 4 5 899 227 461 376 674 143 
B 1.0954979914799177 30 0 1 2 3 4 5 459 564 481 880 225 375 
S 0.8367545431164931 16 0 1 2 3 4 5 459 564 481 880 225 375 
S 1.679409973980298 25 0 1 2 3 4 5 459 227 461 376 225 143 
S 0.7106049502312732 31 0 1 2 3 4 5 459 227 461 376 225 143 
B 0.17355880857170103 38 0 1 2 3 4 5 459 564 481 880 225 375 
B 1.4094937039860334 36 0 1 2 3 4 5 459 227 461 376 225 143 
S 0.25991699496411513 42 0 1 2 3 4 5 899 227 461 376 674 143 
B 1.0593448771859286 21 0 1 2 3 4 5 899 227 461 376 674 143 
S 1.1944785774806688 16 0 1 2 3 4 5 459 564 481 880 225 375 
S 0.6194956938153924 20 0 1 2 3 4 5 459 227 461 376 225 143 
B 2.284401989231686 22 0 1 2 3 4 5 459 227 461 376 225 143 
S 0.049347921797100014 20 0 1 2 3 4 5 459 227 461 376 225 143 
S 1.3315045462858768 31 0 1 2 3 4 5 899 227 461 376 674 143 
