S 0.6331823604210882 6 0 1 2 3 899 227 461 376 
S 0.9291414721586477 23 0 1 2 3 459 227 461 376 
B 0.2379279724262 1 0 1 2 3 459 564 481 880 
B 2.9164085803058404 0 0 1 2 3 459 227 461 376 
B 3.1194669559987647 42 0 1 2 3 459 227 461 376 
S 0.7932146749194073 17 0 1 2 3 459 227 461 376 
S 0.9292440842653065 20 0 1 2 3 459 227 461 376 
B 0.5583569645427753 21 0 1 2 3 459 227 461 376 
S 0.3278197521741113 30 0 1 2 3 459 227 461 376 
B 1.4414824943141156 15 0 1 2 3 899 227 461 376 
S 1.463782233409721 19 0 1 2 3 899 227 461 376 
B 0.7329553635836046 27 0 1 2 3 899 227 461 376 
S 0.6183058264027048 27 0 1 2 3 459 227 461 376 
B 2.2373655727142863 8 0 1 2 3 899 227 461 376 
B 0.6270562072443209 17 0 1 2 3 459 227 461 376 
B 1.0197670663931584 18 0 1 2 3 459 227 461 376 
B 0.3728392304737076 46 0 1 2 3 459 564 481 880 
B 0.5825518870437678 23 0 1 2 3 899 227 461 376 
B 0.25906698343706935 40 0 1 2 3 459 227 461 376 
S 0.48587575881190226 21 0 1 2 3 459 227 461 376 
B 0.3823318626804104 36 0 1 2 3 899 227 461 376 
B 1.3632923282152802 38 0 1 2 3 899 227 461 376 
S 0.8800320234585071 2 0 1 2 3 899 227 461 376 
B 0.8862932879543131 23 0 1 2 3 459 227 461 376 
S 1.4181029912223257 29 0 1 2 3 459 564 481 880 
B 0.7897320810977275 10 0 1 2 3 459 227 461 376 
B 1.0119525821985667 37 0 1 2 3 459 564 481 880 
B 0.7660064762808698 31 0 1 2 3 459 227 461 376 
S 0.5951875762821137 11 0 1 2 3 459 227 461 376 
S 0.1093446771933726 7 0 1 2 3 459 564 481 880 
S 1.5089369439501805 33 0 1 2 3 459 227 461 376 
B 4.657540021751561 18 0 1 2 3 459 227 461 376 
B 0.08867552780370946 23 0 1 2 3 459 227 461 376 
B 1.162443371004457 0 0 1 2 3 459 227 461 376 
B 2.7848636680361523 31 0 1 2 3 459 564 481 880 
B 1.5304065605917652 37 0 1 2 3 459 564 481 880 
S 0.004111022904191408 18 0 1 2 3 459 564 481 880 
B 0.6847414346007801 2 0 1 2 3 459 227 461 376 
B 1.6018010966321414 40 0 1 2 3 459 227 461 376 
B 1.3820658328238 11 0 1 2 3 459 227 461 376 
B 1.4640672611295056 45 0 1 2 3 459 564 481 880 
S 0.34136075361112006 45 0 1 2 3 899 227 461 376 
S 0.8458271190858699 16 0 1 2 3 459 227 461 376 
B 0.023658323598398034 4 0 1 2 3 459 564 481 880 
B 0.4062528517862889 15 0 1 2 3 899 227 461 376 
S 0.923613528251912 9 0 1 2 3 459 227 461 376 
B 0.7190325286580501 10 0 1 2 3 899 227 461 376 
S 1.716992738784005 16 0 1 2 3 899 227 461 376 
S 1.7332311332949528 46 0 1 2 3 459 227 461 376 
B 0.2501860077685194 42 0 1 2 3 459 227 461 376 
S 0.786323545912107 17 0 1 2 3 459 227 461 376 
S 0.5629234727179719 44 0 1 2 3 459 564 481 880 
S 0.7507680304275377 4 0 1 2 3 459 227 461 376 
S 0.6429298666653471 38 0 1 2 3 459 227 461 376 
S 0.3338939468690896 26 0 1 2 3 459 227 461 376 
S 0.5733044223237078 26 0 1 2 3 459 564 481 880 
B 0.7884928854905393 36 0 1 2 3 459 564 481 880 
S 2.101764362593511 4 0 1 2 3 459 227 461 376 
S 0.8145429171648573 46 0 1 2 3 459 227 461 376 
B 3.0050566904492113 34 0 1 2 3 459 227 461 376 
S 1.1006404611078082 42 0 1 2 3 459 227 461 376 
S 1.124893587542208 30 0 1 2 3 459 227 461 376 
B 1.6877819599205175 28 0 1 2 3 459 227 461 376 
B 0.8737620480377917 45 0 1 2 3 459 564 481 880 
B 0.807839383701026 29 0 1 2 3 899 227 461 376 
S 0.46496765959158015 31 0 1 2 3 459 227 461 376 
B 0.09613631586167681 3 0 1 2 3 459 227 461 376 
S 0.7367244713137513 30 0 1 2 3 459 564 481 880 
S 0.35409524556366634 15 0 1 2 3 459 227 461 376 
B 0.08945923523145538 15 0 1 2 3 899 227 461 376 
S 0.5549749159462447 11 0 1 2 3 459 227 461 376 
B 0.4895926082522575 3 0 1 2 3 459 227 461 376 
B 0.21807392440390494 23 0 1 2 3 459 564 481 880 
S 0.06387355577138276 37 0 1 2 3 459 227 461 376 
S 0.0834224582351224 46 0 1 2 3 459 564 481 880 
B 1.4937856081879994 24 0 1 2 3 459 564 481 880 
B 0.7937008736728126 6 0 1 2 3 459 564 481 880 
B 0.8290380399508548 42 0 1 2 3 899 227 461 376 
S 0.9642474993887458 35 0 1 2 3 459 564 481 880 
S 0.4353158723368873 7 0 1 2 3 899 227 461 376 
S 0.16962770334166866 3 0 1 2 3 899 227 461 376 
B 0.5097070691517747 25 0 1 2 3 459 564 481 880 
S 1.2149988383446555 15 0 1 2 3 459 227 461 376 
S 1.68016757921042 26 0 1 2 3 459 227 461 376 
B 0.8907153354450301 12 0 1 2 3 459 564 481 880 
B 0.7812437702148083 28 0 1 2 3 459 227 461 376 
B 1.05338712170958 30 0 1 2 3 459 227 461 376 
B 0.07340542834108277 23 0 1 2 3 459 227 461 376 
B 0.6467106902875805 42 0 1 2 3 459 564 481 880 
S 1.5452261638627407 2 0 1 2 3 459 227 461 376 
B 0.20583797316826757 36 0 1 2 3 459 564 481 880 
B 1.159541171867974 39 0 1 2 3 459 227 461 376 
S 0.07042157047263053 40 0 1 2 3 899 227 461 376 
B 0.8207743495016473 8 0 1 2 3 459 227 461 376 
S 0.41650797542639495 2 0 1 2 3 899 227 461 376 
B 2.3681873086798673 24 0 1 2 3 459 227 461 376 
B 2.183338045040882 37 0 1 2 3 459 564 481 880 
S 0.5106582627190495 45 0 1 2 3 459 227 461 376 
B 1.1225922543046085 32 0 1 2 3 459 227 461 376 
S 0.33724113436152336 37 0 1 2 3 459 227 461 376 
S 0.43720789530246673 42 0 1 2 3 459 564 481 880 
B 1.5762908534342426 19 0 1 2 3 459 227 461 376 
S 1.6641121980792777 0 0 1 2 3 459 227 461 376 
B 0.3747232842453183 28 0 1 2 3 459 564 481 880 
B 0.5375520420710727 25 0 1 2 3 459 227 461 376 
B 0.7679883783062147 37 0 1 2 3 899 227 461 376 
S 0.5886902833715002 23 0 1 2 3 899 227 461 376 
S 1.6659890637097199 18 0 1 2 3 459 227 461 376 
S 0.35323361034018497 35 0 1 2 3 899 227 461 376 
S 1.3892155072066235 45 0 1 2 3 459 227 461 376 
S 0.06918109763870017 23 0 1 2 3 459 227 461 376 
B 1.0458075792232737 21 0 1 2 3 459 227 461 376 
S 1.3060963643633112 23 0 1 2 3 459 564 481 880 
B 1.7037375572854883 0 0 1 2 3 459 227 461 376 
B 0.691922361715867 24 0 1 2 3 459 564 481 880 
B 0.14350898885527474 19 0 1 2 3 899 227 461 376 
S 0.23416087159170385 8 0 1 2 3 899 227 461 376 
S 0.3170211231986446 0 0 1 2 3 459 227 461 376 
S 0.7114489775399058 27 0 1 2 3 899 227 461 376 
B 1.1172916405985305 23 0 1 2 3 899 227 461 376 
B 1.2046637996627103 29 0 1 2 3 459 227 461 376 
B 0.7571701340247081 36 0 1 2 3 899 227 461 376 
S 0.8917892287890963 28 0 1 2 3 459 227 461 376 
S 0.5536891662503276 25 0 1 2 3 459 227 461 376 
S 1.6821627396389411 2 0 1 2 3 899 227 461 376 
B 0.4838501290542956 16 0 1 2 3 459 564 481 880 
B 1.111600792917466 44 0 1 2 3 459 564 481 880 
B 0.3801258161774621 28 0 1 2 3 459 227 461 376 
S 1.2815385581185534 3 0 1 2 3 899 227 461 376 
B 0.6657340585769544 24 0 1 2 3 459 564 481 880 
S 1.0419592503856991 33 0 1 2 3 459 564 481 880 
B 1.4983925629288315 10 0 1 2 3 459 564 481 880 
S 0.3191555094313081 40 0 1 2 3 459 227 461 376 
S 0.9941084366908983 39 0 1 2 3 459 227 461 376 
S 1.7013035223665138 20 0 1 2 3 899 227 461 376 
B 3.1889812183509143 29 0 1 2 3 459 227 461 376 
B 0.9135582642141831 34 0 1 2 3 459 564 481 880 
B 0.5806776668629219 6 0 1 2 3 459 227 461 376 
S 1.6184380888644139 11 0 1 2 3 899 227 461 376 
S 0.7492949584018351 5 0 1 2 3 459 227 461 376 
S 1.3458362728112192 2 0 1 2 3 899 227 461 376 
B 2.7990012058696143 1 0 1 2 3 899 227 461 376 
B 0.14183571975859088 28 0 1 2 3 459 227 461 376 
S 1.4477351307982715 4 0 1 2 3 459 227 461 376 
B 0.2829499580999615 10 0 1 2 3 459 564 481 880 
B 0.3140803860111667 9 0 1 2 3 459 564 481 880 
B 1.8323179856596044 42 0 1 2 3 459 564 481 880 
B 1.3477298948521783 40 0 1 2 3 459 227 461 376 
S 0.19278314165942412 18 0 1 2 3 899 227 461 376 
S 0.9407869287316473 42 0 1 2 3 459 227 461 376 
B 1.0061178557737485 17 0 1 2 3 459 227 461 376 
B 0.24065008322183967 1 0 1 2 3 459 227 461 376 
B 0.653805330815187 5 0 1 2 3 459 227 461 376 
S 0.15500977700419938 32 0 1 2 3 899 227 461 376 
B 0.3925557627128846 29 0 1 2 3 899 227 461 376 
S 0.7265139686308073 2 0 1 2 3 899 227 461 376 
S 1.569601441292198 28 0 1 2 3 899 227 461 376 
B 0.6804126052150314 16 0 1 2 3 459 227 461 376 
B 0.3947749302174941 31 0 1 2 3 899 227 461 376 
B 3.1245396098917064 35 0 1 2 3 459 227 461 376 
S 1.4883134292677225 40 0 1 2 3 459 564 481 880 
B 0.7389276429848861 38 0 1 2 3 459 227 461 376 
B 0.1857838001579184 24 0 1 2 3 459 227 461 376 
S 0.6681839172558393 41 0 1 2 3 459 227 461 376 
S 0.5588341845470826 4 0 1 2 3 459 227 461 376 
B 0.24888709308237633 6 0 1 2 3 899 227 461 376 
B 0.5640872408915705 14 0 1 2 3 459 227 461 376 
S 0.8387232636714321 15 0 1 2 3 899 227 461 376 
B 2.5976719859871062 4 0 1 2 3 459 564 481 880 
B 0.28252669050463197 33 0 1 2 3 899 227 461 376 
S 1.0848526685439301 42 0 1 2 3 459 564 481 880 
B 0.2701333504538299 17 0 1 2 3 459 564 481 880 
S 0.24105498170141537 27 0 1 2 3 459 227 461 376 
B 1.2631094981964672 14 0 1 2 3 459 227 461 376 
S 1.2543728299755488 24 0 1 2 3 459 227 461 376 
B 3.469848327264227 3 0 1 2 3 459 564 481 880 
B 2.837477804897029 43 0 1 2 3 899 227 461 376 
B 0.13450114428980076 43 0 1 2 3 459 564 481 880 
S 0.40953946850913336 27 0 1 2 3 899 227 461 376 
S 0.7567329363007316 35 0 1 2 3 459 227 461 376 
S 0.4209444337971897 21 0 1 2 3 899 227 461 376 
B 1.6784799456767017 6 0 1 2 3 899 227 461 376 
S 1.8228945306602435 8 0 1 2 3 459 227 461 376 
S 0.3285171999062779 25 0 1 2 3 459 227 461 376 
S 0.697524783217589 24 0 1 2 3 459 227 461 376 
S 0.76664510435642 8 0 1 2 3 459 564 481 880 
B 0.8438996103969112 39 0 1 2 3 459 564 481 880 
S 0.26434853760241595 28 0 1 2 3 899 227 461 376 
S 0.47646056705257944 31 0 1 2 3 899 227 461 376 
S 0.7031803155319789 34 0 1 2 3 899 227 461 376 
B 0.08680776052973549 9 0 1 2 3 899 227 461 376 
S 0.44715105285905743 22 0 1 2 3 459 227 461 376 
B 0.5826573056782776 1 0 1 2 3 459 564 481 880 
S 2.1573998809361017 14 0 1 2 3 459 564 481 880 
B 3.108682571912987 14 0 1 2 3 899 227 461 376 
S 0.2631792994227009 25 0 1 2 3 899 227 461 376 
S 1.3068235461218576 25 0 1 2 3 899 227 461 376 
S 0.5105997686095458 29 0 1 2 3 459 227 461 376 
B 0.6465393791495853 25 0 1 2 3 459 564 481 880 
S 0.7999228847441264 46 0 1 2 3 899 227 461 376 
B 1.2423711583252892 18 0 1 2 3 899 227 461 376 
B 0.10895545456779487 42 0 1 2 3 899 227 461 376 
B 1.935807200886427 21 0 1 2 3 459 564 481 880 
S 0.5143521459884051 22 0 1 2 3 459 227 461 376 
B 0.9181420844467434 19 0 1 2 3 459 227 461 376 
B 1.0671685798537096 27 0 1 2 3 459 227 461 376 
B 1.111392065366485 34 0 1 2 3 459 564 481 880 
B 2.963445370566383 22 0 1 2 3 459 564 481 880 
S 0.9595780990550011 33 0 1 2 3 459 227 461 376 
B 0.5869316588138345 1 0 1 2 3 459 227 461 376 
S 0.3504540937602174 34 0 1 2 3 459 564 481 880 
S 1.2220620907025914 46 0 1 2 3 899 227 461 376 
B 0.7762647624794088 44 0 1 2 3 459 564 481 880 
S 1.094133632326801 19 0 1 2 3 459 564 481 880 
B 1.0173164603192797 13 0 1 2 3 459 227 461 376 
S 1.6449642346024946 31 0 1 2 3 459 227 461 376 
B 0.049540062111236516 23 0 1 2 3 459 564 481 880 
S 0.11889972342149857 4 0 1 2 3 459 227 461 376 
S 0.7887297883736322 19 0 1 2 3 899 227 461 376 
S 1.5763042362511683 23 0 1 2 3 899 227 461 376 
B 2.584319122800223 35 0 1 2 3 459 227 461 376 
S 0.4489420570467262 30 0 1 2 3 899 227 461 376 
S 1.3665201552649089 25 0 1 2 3 459 227 461 376 
S 1.1783306498005182 12 0 1 2 3 459 564 481 880 
B 3.0676569148867197 9 0 1 2 3 899 227 461 376 
S 2.153695444792419 25 0 1 2 3 459 564 481 880 
S 0.6235285073558101 13 0 1 2 3 459 564 481 880 
S 1.3963131129764568 17 0 1 2 3 459 227 461 376 
S 0.35036102822030024 41 0 1 2 3 899 227 461 376 
B 0.12616600714838988 15 0 1 2 3 899 227 461 376 
S 0.4457138590492109 41 0 1 2 3 459 227 461 376 
B 0.8681959239738672 6 0 1 2 3 459 227 461 376 
B 0.3216761571859026 26 0 1 2 3 459 564 481 880 
S 1.3801121891914834 26 0 1 2 3 459 564 481 880 
S 1.454750888466636 0 0 1 2 3 459 227 461 376 
S 0.014323007965934664 31 0 1 2 3 459 564 481 880 
S 0.5218603608120125 24 0 1 2 3 459 227 461 376 
S 1.1334180216261833 36 0 1 2 3 459 564 481 880 
S 1.5419608400535942 34 0 1 2 3 459 227 461 376 
S 0.7534367718267072 1 0 1 2 3 459 227 461 376 
B 0.9413459508353084 11 0 1 2 3 459 564 481 880 
B 0.3320460525639586 15 0 1 2 3 459 564 481 880 
B 0.37614573843846166 30 0 1 2 3 899 227 461 376 
B 1.6188817876366306 19 0 1 2 3 899 227 461 376 
B 2.4526299114088577 26 0 1 2 3 459 564 481 880 
B 0.1254216738946674 29 0 1 2 3 459 564 481 880 
S 0.7029110685181479 8 0 1 2 3 459 227 461 376 
B 1.6938951791376669 12 0 1 2 3 459 564 481 880 
B 0.039316296655232286 4 0 1 2 3 459 227 461 376 
S 1.937215082604232 39 0 1 2 3 899 227 461 376 
B 1.6456466731751611 14 0 1 2 3 459 564 481 880 
B 0.33812980852309327 6 0 1 2 3 459 564 481 880 
S 0.5122658853587092 39 0 1 2 3 459 227 461 376 
S 1.7806661801853858 17 0 1 2 3 459 227 461 376 
S 0.3976098783285096 31 0 1 2 3 899 227 461 376 
S 0.25481442820828715 44 0 1 2 3 899 227 461 376 
B 1.014959233600539 26 0 1 2 3 459 564 481 880 
B 1.0908839617594497 28 0 1 2 3 459 227 461 376 
B 0.8132184634776252 2 0 1 2 3 459 227 461 376 
S 0.4779148261591821 1 0 1 2 3 459 227 461 376 
B 0.5001549798250693 12 0 1 2 3 899 227 461 376 
S 0.1050287460521151 37 0 1 2 3 459 564 481 880 
S 0.5603558063953571 11 0 1 2 3 459 564 481 880 
B 1.2484823866670514 36 0 1 2 3 459 564 481 880 
B 1.2254411013412767 16 0 1 2 3 899 227 461 376 
B 0.2643802399468127 2 0 1 2 3 459 227 461 376 
B 0.9175834922304853 20 0 1 2 3 899 227 461 376 
S 0.7934941418229702 2 0 1 2 3 899 227 461 376 
B 2.8860114176223597 30 0 1 2 3 459 227 461 376 
B 0.5746780655344077 1 0 1 2 3 459 564 481 880 
S 1.4368162981070736 8 0 1 2 3 459 564 481 880 
S 0.003410529934584794 45 0 1 2 3 899 227 461 376 
S 1.0731062498589852 22 0 1 2 3 459 227 461 376 
B 2.6055426855132797 20 0 1 2 3 899 227 461 376 
S 0.6778022086696147 39 0 1 2 3 459 227 461 376 
B 0.5691896296096095 3 0 1 2 3 459 227 461 376 
B 2.6621507608856634 13 0 1 2 3 459 227 461 376 
B 2.7914172674368576 0 0 1 2 3 459 227 461 376 
B 2.249836220484875 25 0 1 2 3 459 227 461 376 
S 0.9329537180966048 42 0 1 2 3 459 564 481 880 
S 0.3168310513021302 36 0 1 2 3 899 227 461 376 
B 0.453505610060267 27 0 1 2 3 459 564 481 880 
B 1.3538783647430428 43 0 1 2 3 899 227 461 376 
B 0.09320244777569009 30 0 1 2 3 459 564 481 880 
B 0.2428674125883612 5 0 1 2 3 459 564 481 880 
B 0.12306183525153269 30 0 1 2 3 459 227 461 376 
S 0.06560431509098308 44 0 1 2 3 459 227 461 376 
B 0.9588095252861208 46 0 1 2 3 459 564 481 880 
S 0.7330041408162806 21 0 1 2 3 459 564 481 880 
S 1.1433847307190232 18 0 1 2 3 459 227 461 376 
B 0.7896151262475275 7 0 1 2 3 899 227 461 376 
S 2.0885582416922492 29 0 1 2 3 459 564 481 880 
S 0.43020030586535896 11 0 1 2 3 459 227 461 376 
S 0.6599849040909254 6 0 1 2 3 459 227 461 376 
S 0.040701281378969334 9 0 1 2 3 459 227 461 376 
B 0.09514544225268473 18 0 1 2 3 459 227 461 376 
B 1.5247227345053602 2 0 1 2 3 459 564 481 880 
S 1.7578619707070944 27 0 1 2 3 459 227 461 376 
S 1.0713188618503118 17 0 1 2 3 459 227 461 376 
B 0.16139475781906754 39 0 1 2 3 459 227 461 376 
B 1.1424883928007432 4 0 1 2 3 459 564 481 880 
B 0.09728767763120771 13 0 1 2 3 899 227 461 376 
S 1.242696527726923 35 0 1 2 3 459 227 461 376 
S 0.6392978163431007 38 0 1 2 3 899 227 461 376 
B 0.9126077850986949 40 0 1 2 3 459 564 481 880 
B 0.3647263337876048 23 0 1 2 3 459 227 461 376 
B 0.9970927464554045 18 0 1 2 3 459 564 481 880 
B 1.2720049724109517 11 0 1 2 3 459 227 461 376 
S 0.37193866114766294 17 0 1 2 3 459 227 461 376 
S 1.066547800173236 31 0 1 2 3 899 227 461 376 
B 0.0008923278482573238 45 0 1 2 3 459 564 481 880 
B 0.16365869896219998 4 0 1 2 3 459 564 481 880 
B 0.19844443873048423 21 0 1 2 3 459 227 461 376 
B 1.3274019206182457 43 0 1 2 3 459 564 481 880 
S 0.9553467666556559 2 0 1 2 3 459 227 461 376 
S 0.688323227315295 8 0 1 2 3 899 227 461 376 
B 0.9673629920911324 16 0 1 2 3 899 227 461 376 
B 1.070696913530722 3 0 1 2 3 459 564 481 880 
S 1.1187702694098673 8 0 1 2 3 459 227 461 376 
S 0.25186424900887516 23 0 1 2 3 899 227 461 376 
B 0.13798739290447148 46 0 1 2 3 899 227 461 376 
B 1.629550871771011 18 0 1 2 3 459 564 481 880 
S 0.14117882732385922 25 0 1 2 3 459 564 481 880 
B 0.43850658269648957 27 0 1 2 3 459 227 461 376 
S 0.21617013863776435 13 0 1 2 3 899 227 461 376 
S 0.9131206571478572 19 0 1 2 3 899 227 461 376 
B 2.0870638569595235 5 0 1 2 3 459 564 481 880 
S 0.4487299371946385 15 0 1 2 3 459 227 461 376 
B 0.37791375027612695 22 0 1 2 3 899 227 461 376 
S 1.985277360473031 23 0 1 2 3 459 564 481 880 
S 1.2580275196182908 15 0 1 2 3 459 227 461 376 
B 2.1959344632587943 14 0 1 2 3 899 227 461 376 
S 0.5795138203372368 40 0 1 2 3 459 564 481 880 
B 2.2458941089792193 29 0 1 2 3 459 564 481 880 
S 0.870451300385592 25 0 1 2 3 899 227 461 376 
S 0.7363786058339556 8 0 1 2 3 459 564 481 880 
S 0.6988847647445011 13 0 1 2 3 459 564 481 880 
B 0.25333502666052343 13 0 1 2 3 459 227 461 376 
S 0.3032089064954224 45 0 1 2 3 459 564 481 880 
B 1.0663809126295831 43 0 1 2 3 459 564 481 880 
S 1.7626492761202188 17 0 1 2 3 459 564 481 880 
S 1.5142797980993823 35 0 1 2 3 459 564 481 880 
B 2.0906367540430946 31 0 1 2 3 459 564 481 880 
S 1.1359433993699657 9 0 1 2 3 459 227 461 376 
S 0.6616894809686791 12 0 1 2 3 459 227 461 376 
B 3.1209782007710682 45 0 1 2 3 459 564 481 880 
S 0.14760553808869936 0 0 1 2 3 459 564 481 880 
B 1.2321251339522208 25 0 1 2 3 459 227 461 376 
S 0.11061758809611089 1 0 1 2 3 459 564 481 880 
S 1.0241231327240632 23 0 1 2 3 459 227 461 376 
B 1.5332728395775428 8 0 1 2 3 459 564 481 880 
S 0.662892619262033 20 0 1 2 3 459 227 461 376 
B 0.2774719401082484 29 0 1 2 3 899 227 461 376 
B 0.7362930029238139 33 0 1 2 3 459 227 461 376 
B 0.17058854482691288 37 0 1 2 3 899 227 461 376 
B 0.1536779253046623 25 0 1 2 3 459 564 481 880 
B 0.6399838924049295 27 0 1 2 3 459 564 481 880 
S 0.20418875711078677 39 0 1 2 3 899 227 461 376 
S 1.273467425640181 37 0 1 2 3 459 564 481 880 
S 0.10653971762959014 28 0 1 2 3 459 227 461 376 
B 1.2367764125093865 20 0 1 2 3 899 227 461 376 
B 1.3675440496593119 29 0 1 2 3 459 227 461 376 
S 1.0375101719560265 36 0 1 2 3 459 227 461 376 
S 0.10239485209369015 0 0 1 2 3 459 227 461 376 
B 0.9405377786717022 9 0 1 2 3 459 227 461 376 
B 0.07965127178359754 6 0 1 2 3 899 227 461 376 
S 1.7886152727675837 10 0 1 2 3 899 227 461 376 
S 0.3764195742832728 36 0 1 2 3 899 227 461 376 
B 0.2612209202330673 13 0 1 2 3 459 227 461 376 
S 0.5635169981732533 3 0 1 2 3 459 227 461 376 
S 0.2945837236728117 29 0 1 2 3 459 227 461 376 
B 0.3093890428663828 46 0 1 2 3 899 227 461 376 
S 1.497219243858983 33 0 1 2 3 459 227 461 376 
B 1.0936707876482643 17 0 1 2 3 899 227 461 376 
S 1.8552350444832628 14 0 1 2 3 899 227 461 376 
B 0.22207792168823914 25 0 1 2 3 459 227 461 376 
B 1.4203257729781997 23 0 1 2 3 899 227 461 376 
B 0.35180598275390995 35 0 1 2 3 459 564 481 880 
S 0.31014779819672356 10 0 1 2 3 459 227 461 376 
S 0.9836697429925705 43 0 1 2 3 459 564 481 880 
S 0.4348771881075253 2 0 1 2 3 899 227 461 376 
S 1.6708746424713379 0 0 1 2 3 459 564 481 880 
S 1.172823160225441 0 0 1 2 3 459 227 461 376 
S 1.0946082434883557 11 0 1 2 3 459 227 461 376 
B 0.17962745746340847 26 0 1 2 3 459 227 461 376 
S 0.8773454656827067 8 0 1 2 3 899 227 461 376 
B 0.6919780129385016 8 0 1 2 3 459 564 481 880 
S 0.9297946842776863 41 0 1 2 3 459 227 461 376 
B 0.4804164785379905 13 0 1 2 3 459 227 461 376 
S 0.5209216304922011 31 0 1 2 3 459 227 461 376 
S 0.9462025116724506 44 0 1 2 3 459 564 481 880 
S 1.9801962805407651 11 0 1 2 3 459 227 461 376 
S 0.8581364851972939 9 0 1 2 3 459 227 461 376 
B 0.40245921449795663 28 0 1 2 3 459 564 481 880 
B 2.0253234546631633 11 0 1 2 3 899 227 461 376 
S 1.267490101613821 28 0 1 2 3 459 227 461 376 
B 0.8808674404657264 25 0 1 2 3 899 227 461 376 
S 0.21680822630743712 17 0 1 2 3 459 227 461 376 
B 0.1800089656840962 0 0 1 2 3 459 227 461 376 
S 1.6416438553002468 33 0 1 2 3 459 227 461 376 
S 0.8393783714683538 3 0 1 2 3 459 564 481 880 
S 0.5612551751920662 8 0 1 2 3 459 564 481 880 
B 0.31766420621397895 25 0 1 2 3 899 227 461 376 
B 2.583886711864281 32 0 1 2 3 459 227 461 376 
S 0.5336342807495331 34 0 1 2 3 459 227 461 376 
S 0.3724684947186212 40 0 1 2 3 899 227 461 376 
S 1.3062134695686325 31 0 1 2 3 459 227 461 376 
S 1.312722479148631 12 0 1 2 3 899 227 461 376 
S 0.9071895254590148 11 0 1 2 3 459 564 481 880 
S 1.16950070282532 16 0 1 2 3 459 227 461 376 
S 1.9700899807558887 4 0 1 2 3 459 227 461 376 
S 0.41503874117692074 10 0 1 2 3 459 227 461 376 
B 1.1352701092878466 42 0 1 2 3 459 564 481 880 
B 0.08928045686671471 27 0 1 2 3 459 227 461 376 
S 0.7469974610965826 3 0 1 2 3 459 227 461 376 
S 1.1096840686141975 7 0 1 2 3 459 227 461 376 
B 0.4016923718424996 31 0 1 2 3 459 564 481 880 
B 1.6552128635922259 9 0 1 2 3 459 227 461 376 
S 0.23613828839871864 46 0 1 2 3 459 227 461 376 
S 0.7376802469311938 2 0 1 2 3 459 227 461 376 
B 3.054995985218528 14 0 1 2 3 899 227 461 376 
S 0.7791775773381637 28 0 1 2 3 899 227 461 376 
B 0.5813999071122691 19 0 1 2 3 459 227 461 376 
B 0.8545586972452535 0 0 1 2 3 459 227 461 376 
S 1.249388822997651 11 0 1 2 3 459 227 461 376 
S 1.5921333621980063 29 0 1 2 3 459 227 461 376 
S 0.7348626808820367 16 0 1 2 3 899 227 461 376 
S 1.5080723254976904 28 0 1 2 3 459 564 481 880 
B 1.3951360945882376 18 0 1 2 3 899 227 461 376 
S 1.1519213795027001 18 0 1 2 3 459 227 461 376 
B 0.21397503501764348 34 0 1 2 3 459 227 461 376 
B 0.07945957339382037 26 0 1 2 3 899 227 461 376 
S 0.4383662175822405 26 0 1 2 3 459 227 461 376 
B 1.0909534135017216 34 0 1 2 3 459 227 461 376 
S 0.2171787604321045 38 0 1 2 3 459 227 461 376 
S 1.7527347860671796 4 0 1 2 3 459 564 481 880 
B 1.5662141545156194 20 0 1 2 3 899 227 461 376 
S 0.7838426068383919 45 0 1 2 3 459 227 461 376 
B 1.9163674926213456 41 0 1 2 3 459 227 461 376 
S 1.6954377086964012 46 0 1 2 3 459 227 461 376 
S 0.9790532700095662 8 0 1 2 3 899 227 461 376 
S 1.8770746090560841 26 0 1 2 3 459 227 461 376 
B 0.6355914578260045 28 0 1 2 3 899 227 461 376 
S 1.2768688795128496 13 0 1 2 3 459 227 461 376 
B 0.3391855658482461 17 0 1 2 3 899 227 461 376 
B 0.1234385735331287 20 0 1 2 3 459 564 481 880 
B 0.7385804601290884 2 0 1 2 3 459 564 481 880 
B 0.07120351729513086 20 0 1 2 3 459 227 461 376 
B 0.5948640542010821 9 0 1 2 3 459 564 481 880 
B 0.5909373839807497 42 0 1 2 3 459 564 481 880 
B 0.05840987790469576 8 0 1 2 3 899 227 461 376 
B 0.19233489906776846 3 0 1 2 3 459 564 481 880 
S 1.4425942678213772 20 0 1 2 3 459 564 481 880 
S 1.5135939321531442 22 0 1 2 3 459 564 481 880 
B 1.2711324220608882 7 0 1 2 3 459 564 481 880 
B 2.8036695698952814 34 0 1 2 3 459 227 461 376 
S 0.8190891775484088 28 0 1 2 3 459 227 461 376 
S 0.23504225051912986 41 0 1 2 3 459 227 461 376 
B 0.3261194223585102 17 0 1 2 3 459 227 461 376 
S 0.5019049102665196 20 0 1 2 3 459 564 481 880 
B 0.7851530911212032 14 0 1 2 3 459 564 481 880 
S 1.0457077266783754 20 0 1 2 3 459 227 461 376 
B 0.5492702639809224 38 0 1 2 3 899 227 461 376 
B 0.28821352833951774 34 0 1 2 3 459 227 461 376 
S 1.1558780252410346 18 0 1 2 3 459 564 481 880 
B 1.250157819591874 9 0 1 2 3 459 564 481 880 
B 1.436661502951325 42 0 1 2 3 459 564 481 880 
B 0.9133962541086769 16 0 1 2 3 459 227 461 376 
S 1.6658836118731317 36 0 1 2 3 459 564 481 880 
S 0.2665254569499016 18 0 1 2 3 899 227 461 376 
S 0.17057413930911736 18 0 1 2 3 899 227 461 376 
S 0.9555096447343647 36 0 1 2 3 459 564 481 880 
B 1.3619260030657978 28 0 1 2 3 459 227 461 376 
S 0.5730263497745325 37 0 1 2 3 459 227 461 376 
B 0.3147729765728391 34 0 1 2 3 899 227 461 376 
S 0.1923026044676064 20 0 1 2 3 899 227 461 376 
S 1.474980861180649 45 0 1 2 3 459 564 481 880 
B 0.11882722672268464 45 0 1 2 3 459 227 461 376 
B 1.5417480482090058 6 0 1 2 3 459 227 461 376 
S 1.771199724205931 14 0 1 2 3 459 227 461 376 
B 0.6099139053802984 23 0 1 2 3 459 227 461 376 
S 0.04493225599801498 26 0 1 2 3 459 227 461 376 
S 0.1806342885618717 16 0 1 2 3 459 227 461 376 
B 0.693064127468447 33 0 1 2 3 459 227 461 376 
S 0.6594569864379327 1 0 1 2 3 459 564 481 880 
S 1.3515860058052223 38 0 1 2 3 459 564 481 880 
S 0.5374174237908509 4 0 1 2 3 899 227 461 376 
B 0.1606760489317427 30 0 1 2 3 459 564 481 880 
S 2.1463288532063043 16 0 1 2 3 459 564 481 880 
B 0.836227086463218 25 0 1 2 3 459 227 461 376 
S 0.4713001607211762 31 0 1 2 3 459 227 461 376 
B 0.7256537760399988 38 0 1 2 3 459 564 481 880 
B 0.2810936489515452 36 0 1 2 3 459 227 461 376 
B 0.07368773961494668 42 0 1 2 3 899 227 461 376 
S 1.979667093232159 21 0 1 2 3 899 227 461 376 
S 0.027631186842662636 16 0 1 2 3 459 564 481 880 
S 1.2702679122020255 20 0 1 2 3 459 227 461 376 
B 1.699676291134887 22 0 1 2 3 459 227 461 376 
B 0.5253312081475636 20 0 1 2 3 459 227 461 376 
B 0.6346314528531325 31 0 1 2 3 899 227 461 376 
