S 0.9523819990968558 6 0 899 
S 1.3038555999769077 23 0 459 
S 0.16681247443747438 1 0 459 
B 1.236006064727369 0 0 459 
B 1.8612146606799884 42 0 459 
S 0.20818203271842517 17 0 459 
S 1.6516600907909362 20 0 459 
B 2.1127083165965725 21 0 459 
S 1.5464691028293878 30 0 459 
B 1.7118570049519297 15 0 899 
S 0.8893454521011668 19 0 899 
S 0.24279817820199057 27 0 899 
S 0.03283789131647019 27 0 459 
S 0.44342687755706933 8 0 899 
B 0.6840284921044981 17 0 459 
B 0.8776616870713516 18 0 459 
S 1.4786881045070661 46 0 459 
B 2.020589377251947 23 0 899 
S 1.222157611124401 40 0 459 
S 0.6365528330540151 21 0 459 
B 1.5541806727219294 36 0 899 
S 0.4168238980267178 38 0 899 
S 1.1339919015072626 2 0 899 
B 0.046764793527444226 23 0 459 
S 1.0797143972938574 29 0 459 
B 0.9291489864075286 10 0 459 
B 0.43970586082039986 37 0 459 
B 0.6788476449282088 31 0 459 
B 0.006132018898713731 11 0 459 
S 0.7987291186191818 7 0 459 
S 1.0896517345183163 33 0 459 
B 3.0739054830845474 18 0 459 
S 2.7550522613523034 23 0 459 
B 0.7789436663213678 0 0 459 
B 2.320256413095459 31 0 459 
S 0.033774018189495436 37 0 459 
B 0.8063665913165794 18 0 459 
S 0.05784511426210859 2 0 459 
B 0.19687514841646703 40 0 459 
B 0.7577817646375182 11 0 459 
S 0.09643811645632638 45 0 459 
S 0.37547156405661664 45 0 899 
S 1.0859288612102356 16 0 459 
S 1.2429246481340526 4 0 459 
S 1.1432367332681483 15 0 899 
S 1.9944451556147422 9 0 459 
B 2.090836736994998 10 0 899 
S 0.5406351281333626 16 0 899 
S 1.4183102496698456 46 0 459 
S 0.46108436726348234 42 0 459 
B 0.4043861689640922 17 0 459 
B 0.38309945409040225 44 0 459 
B 0.7761635344271127 4 0 459 
S 1.0114620357156214 38 0 459 
B 1.1757671159924659 26 0 459 
B 0.08944754622079287 26 0 459 
B 1.0652813009964275 36 0 459 
S 1.2932407811897626 4 0 459 
B 0.41872628073680573 46 0 459 
B 1.4631257643079882 34 0 459 
S 0.7824883531133677 42 0 459 
S 1.9363436052587986 30 0 459 
B 2.2581727802641547 28 0 459 
B 1.2885521823208776 45 0 459 
B 0.8554757615079573 29 0 899 
S 0.6765906602951146 31 0 459 
S 0.14001089377689535 3 0 459 
S 0.6569082927175431 30 0 459 
S 0.5155496068588459 15 0 459 
B 0.7411283958315193 15 0 899 
B 0.3918851980310878 11 0 459 
B 0.22054902637543972 3 0 459 
S 0.4415517548453085 23 0 459 
B 0.9157611219501387 37 0 459 
S 0.3196927311756239 46 0 459 
B 0.8336279557073984 24 0 459 
S 0.08941458748077302 6 0 459 
B 1.112381350841325 42 0 899 
S 0.15732659854385034 35 0 459 
S 1.4915639897607802 7 0 899 
B 0.037691939976140176 3 0 899 
S 0.06957416088571922 25 0 459 
S 0.29002243188962407 15 0 459 
S 0.8215178589388064 26 0 459 
S 0.27989704304870067 12 0 459 
S 0.8981748779083905 28 0 459 
S 1.5386213574417376 30 0 459 
S 0.4355206197041257 23 0 459 
S 0.3054855929834437 42 0 459 
S 0.2865056841705611 2 0 459 
S 0.04521268112516097 36 0 459 
S 0.03746735832903347 39 0 459 
S 0.07379691989660486 40 0 899 
S 1.561054415067571 8 0 459 
S 0.5995169473190067 2 0 899 
B 2.2830368982522 24 0 459 
B 2.600472204338673 37 0 459 
S 0.5628716325473944 45 0 459 
B 1.227625159817051 32 0 459 
S 1.2038938430801096 37 0 459 
B 0.9704087905726908 42 0 459 
S 0.06749577294357767 19 0 459 
B 0.09459178526987078 0 0 459 
S 1.2486339111633473 28 0 459 
B 1.7430725515426744 25 0 459 
S 0.5331966734032392 37 0 899 
S 0.5237064021488029 23 0 899 
S 0.2562560731790562 18 0 459 
B 0.20988068140790705 35 0 899 
S 1.1044509606791824 45 0 459 
B 0.8605604465936834 23 0 459 
B 0.9256667308502236 21 0 459 
S 0.2691133700512509 23 0 459 
S 0.45901030067467996 0 0 459 
S 1.520836874338582 24 0 459 
S 1.5170772022662913 19 0 899 
S 0.7348663156012778 8 0 899 
B 0.07510869081084692 0 0 459 
B 0.6824832451645442 27 0 899 
S 0.4967849996604876 23 0 899 
B 1.6342564688499959 29 0 459 
S 0.6593027524895065 36 0 899 
B 0.7467501261337031 28 0 459 
B 0.3522429430082079 25 0 459 
B 0.17509711412050688 2 0 899 
B 1.012250759959457 16 0 459 
B 0.3990925297389758 44 0 459 
S 1.2172663436324553 28 0 459 
S 0.27469477107744034 3 0 899 
B 0.31982541491739447 24 0 459 
B 0.4655970062992978 33 0 459 
S 0.439658511285808 10 0 459 
B 1.3023930900882599 40 0 459 
B 0.04636041432510041 39 0 459 
S 0.24413755150317762 20 0 899 
B 2.584562065014974 29 0 459 
B 0.4292714280432106 34 0 459 
S 0.26437847057244035 6 0 459 
S 0.6502523557395934 11 0 899 
S 1.205268218053317 5 0 459 
S 0.8096031219878332 2 0 899 
B 2.4919399340871617 1 0 899 
B 1.4332171967213556 28 0 459 
S 0.11552497740614509 4 0 459 
S 2.2154265020858412 10 0 459 
S 1.4318503688054527 9 0 459 
S 0.24899219134896544 42 0 459 
B 2.5563650899723918 40 0 459 
S 0.5086162334910984 18 0 899 
S 1.2491246522226431 42 0 459 
B 1.0728801736433757 17 0 459 
S 1.2828037372114105 1 0 459 
B 0.8731478704249183 5 0 459 
B 0.17868927574904436 32 0 899 
S 0.47904739462321366 29 0 899 
B 0.09961701297399728 2 0 899 
S 1.2039788879540332 28 0 899 
B 1.134592001740625 16 0 459 
B 0.21600899214542935 31 0 899 
B 3.7534580641216007 35 0 459 
S 1.673039135227552 40 0 459 
S 0.4900936966573175 38 0 459 
B 0.559010464516227 24 0 459 
B 0.9608372299843424 41 0 459 
S 0.525347560555617 4 0 459 
B 0.8576115654242047 6 0 899 
S 1.7314003724950178 14 0 459 
S 0.4400550931752889 15 0 899 
B 1.2311847790270747 4 0 459 
B 0.03458939531220473 33 0 899 
S 0.2553518576683276 42 0 459 
S 1.2693951719847885 17 0 459 
S 0.8354331473703329 27 0 459 
B 0.4861819233593714 14 0 459 
S 2.113594916328224 24 0 459 
B 3.1219562009054886 3 0 459 
B 3.131816921919804 43 0 899 
B 1.25102698854025 43 0 459 
S 0.14443795936298276 27 0 899 
S 1.1006870934642201 35 0 459 
S 1.315692287437387 21 0 899 
B 1.955679956146641 6 0 899 
S 0.05542244541859187 8 0 459 
B 0.25955963981320096 25 0 459 
S 0.2372623282507087 24 0 459 
S 1.6295740974141193 8 0 459 
B 0.8916261016327409 39 0 459 
S 0.04482686967734839 28 0 899 
B 0.5050945699880671 31 0 899 
S 0.016705267830425363 34 0 899 
S 0.2490204649837393 9 0 899 
B 1.2653647901052612 22 0 459 
S 1.1609445766802455 1 0 459 
S 0.8424951891785302 14 0 459 
B 1.3026060156299755 14 0 899 
S 0.3658234855838671 25 0 899 
S 0.11188428961355079 25 0 899 
B 1.0652204585194642 29 0 459 
B 0.4804750661700732 25 0 459 
S 0.9385533533516162 46 0 899 
S 0.541777848094493 18 0 899 
B 0.3417307677421766 42 0 899 
S 0.20973580283716142 21 0 459 
S 0.8801694588436 22 0 459 
B 0.6516419569533989 19 0 459 
S 0.0012259920500881094 27 0 459 
B 0.9721807655134302 34 0 459 
B 2.9845684392833682 22 0 459 
S 0.8310276514529695 33 0 459 
S 1.0677639793121134 1 0 459 
B 1.2108591477785424 34 0 459 
S 0.2023404495158525 46 0 899 
S 0.34454374872354343 44 0 459 
S 1.7179996215499331 19 0 459 
B 1.1283752997829835 13 0 459 
B 0.849351850011046 31 0 459 
B 0.27681086953976486 23 0 459 
B 0.0750364931148626 4 0 459 
S 1.1482330231697464 19 0 899 
S 1.1068509689496064 23 0 899 
B 2.4536485094565466 35 0 459 
S 0.22046127695817752 30 0 899 
B 0.1451259459942591 25 0 459 
S 0.8713269217011517 12 0 459 
B 2.293918170141496 9 0 899 
B 0.33207477789691175 25 0 459 
S 1.896067185899903 13 0 459 
S 1.1906216421534195 17 0 459 
S 0.6188953183438288 41 0 899 
B 1.5259095360531392 15 0 899 
S 0.48670369672558955 41 0 459 
B 0.6526521044948188 6 0 459 
S 0.7830260244353102 26 0 459 
B 0.06883117243244907 26 0 459 
S 0.6015380737600262 0 0 459 
S 0.6961528918207307 31 0 459 
S 0.8251016898398804 24 0 459 
S 0.3863656777314599 36 0 459 
S 0.5617467956597642 34 0 459 
S 1.051587653432013 1 0 459 
S 0.4459900676354396 11 0 459 
S 0.025295687070349793 15 0 459 
B 0.8709083675612952 30 0 899 
S 0.2796899947150502 19 0 899 
B 1.5293131187410811 26 0 459 
B 1.0799532067597717 29 0 459 
S 1.3907950405089267 8 0 459 
B 0.47605513869594773 12 0 459 
B 0.5124715412846976 4 0 459 
S 0.29633937884127093 39 0 899 
B 2.025685967585548 14 0 459 
S 0.11203097582786548 6 0 459 
S 0.02901537377759489 39 0 459 
S 0.519213048863878 17 0 459 
S 1.5495097342922577 31 0 899 
S 0.522215557437991 44 0 899 
B 0.6382415055777253 26 0 459 
S 0.4612466982311618 28 0 459 
S 0.4231698424140955 2 0 459 
S 0.04989538327238208 1 0 459 
S 0.5482161111062966 12 0 899 
S 0.38991999731476756 37 0 459 
S 0.24327178712713948 11 0 459 
B 1.571689618928958 36 0 459 
B 1.252536052603749 16 0 899 
B 1.2989732265887222 2 0 459 
B 0.9867356282698019 20 0 899 
S 0.4469942815837529 2 0 899 
B 2.6903654261680643 30 0 459 
B 0.6463252913062556 1 0 459 
S 0.516372098252285 8 0 459 
S 1.6653181298463098 45 0 899 
S 1.404360372069008 22 0 459 
B 2.375460781970178 20 0 899 
S 0.8865555310980584 39 0 459 
B 0.29490886286265816 3 0 459 
B 2.698424696009045 13 0 459 
B 1.4071128468058518 0 0 459 
B 2.659495944174065 25 0 459 
S 0.24881425202546303 42 0 459 
S 1.1297808146532393 36 0 899 
S 0.6506726681382702 27 0 459 
B 1.6073346252147545 43 0 899 
B 0.8175072111371451 30 0 459 
S 0.9333972324156052 5 0 459 
S 1.004024982986711 30 0 459 
B 0.06701564193997545 44 0 459 
B 1.211273254008618 46 0 459 
S 0.9472824975203471 21 0 459 
S 0.6289111798793883 18 0 459 
B 0.3182884633784724 7 0 899 
S 0.6971066410980811 29 0 459 
B 0.33658985105900374 11 0 459 
B 0.30241816155942214 6 0 459 
B 0.2950263962796278 9 0 459 
S 1.0703854650273392 18 0 459 
S 0.07453269053490974 2 0 459 
B 0.06845326015068132 27 0 459 
S 0.3031895763707295 17 0 459 
S 2.3978088872828582 39 0 459 
S 0.8387509036106495 4 0 459 
B 0.7754042695346124 13 0 899 
B 0.14123635807452128 35 0 459 
S 0.9845740425323264 38 0 899 
S 1.014392165257437 40 0 459 
B 0.5871222763536448 23 0 459 
B 2.0639653042168264 18 0 459 
B 1.4603068134981374 11 0 459 
S 0.297714425573103 17 0 459 
B 0.027652393983651713 31 0 899 
B 0.03068549674548926 45 0 459 
S 0.24864231142271098 4 0 459 
B 0.6564498577205784 21 0 459 
B 0.6638295113471377 43 0 459 
S 0.6255661124442851 2 0 459 
B 0.32179150548055624 8 0 899 
B 1.9661025906809977 16 0 899 
S 0.3204494001822873 3 0 459 
S 1.6873818266810359 8 0 459 
S 0.31000622799773403 23 0 899 
B 0.548650834128459 46 0 899 
B 1.606227100153987 18 0 459 
S 0.07624830917586678 25 0 459 
S 0.26665198231147613 27 0 459 
B 0.42760462676892264 13 0 899 
S 0.08222513283471766 19 0 899 
B 2.5100800743573553 5 0 459 
S 0.24620057346623803 15 0 459 
B 1.102520075983625 22 0 899 
S 1.45013867893993 23 0 459 
S 0.3690888998892241 15 0 459 
B 2.2149535451626052 14 0 899 
S 0.36179945566978766 40 0 459 
B 1.4557342305883 29 0 459 
S 1.2326410859549126 25 0 899 
S 0.7976858927838251 8 0 459 
B 0.1833025335956071 13 0 459 
S 0.5459199189624862 13 0 459 
S 0.2618647453200946 45 0 459 
B 0.19341722355099034 43 0 459 
S 1.8576775102418992 17 0 459 
S 0.269168102406276 35 0 459 
B 2.2729077715593693 31 0 459 
S 0.44151149957882474 9 0 459 
S 0.6814520424551276 12 0 459 
B 2.3808733562945426 45 0 459 
S 0.821778708067602 0 0 459 
B 1.124283723355897 25 0 459 
S 0.4716664581738881 1 0 459 
S 0.7116396237107105 23 0 459 
B 2.5266088184655313 8 0 459 
S 0.9687039248064142 20 0 459 
B 0.26333617926237896 29 0 899 
B 0.42792556745259347 33 0 459 
S 0.45605559850304545 37 0 899 
B 0.603797435463683 25 0 459 
B 0.2588052281897575 27 0 459 
B 0.8834383566273578 39 0 899 
S 0.16663032872386996 37 0 459 
S 1.0293746502681547 28 0 459 
B 0.11515635383974665 20 0 899 
B 0.5776561471272892 29 0 459 
S 0.7208995794297248 36 0 459 
B 1.474137085272158 0 0 459 
S 0.3571519207528473 9 0 459 
S 0.3272626532641647 6 0 899 
S 0.636697715383364 10 0 899 
S 1.3268104568426464 36 0 899 
B 0.5340610195334774 13 0 459 
B 0.8090259163375446 3 0 459 
S 0.8440330728478465 29 0 459 
S 0.9068514104212948 46 0 899 
S 0.8235195020196029 33 0 459 
S 0.15040350431487326 17 0 899 
S 1.0296819944149203 14 0 899 
S 0.06214846662497475 25 0 459 
S 0.09221895178409323 23 0 899 
S 0.10806960460099635 35 0 459 
S 0.5961240362197087 10 0 459 
S 0.9938095703247338 43 0 459 
B 0.13129399577433087 2 0 899 
S 0.8405375252686076 0 0 459 
B 0.2125400897666614 0 0 459 
S 0.49088860979966054 11 0 459 
S 2.086528655645643 26 0 459 
S 1.2077510524619717 8 0 899 
S 0.47144005822207546 8 0 459 
B 0.303336236212453 41 0 459 
S 0.2930546164738823 13 0 459 
B 0.606682929068759 31 0 459 
S 1.6601562154944736 44 0 459 
S 1.1307195514492419 11 0 459 
S 0.9629883179973397 9 0 459 
B 0.34197353206026015 28 0 459 
B 1.8702458187769597 11 0 899 
S 0.40251409712204467 28 0 459 
B 1.878834646317717 25 0 899 
S 1.1686109723385671 17 0 459 
B 0.4937409802533246 0 0 459 
S 0.2866037813765647 33 0 459 
B 0.6216953754491099 3 0 459 
B 0.4644012053408062 8 0 459 
B 0.14018690071799433 25 0 899 
B 2.790334804575255 32 0 459 
B 0.15455631607219278 34 0 459 
B 0.942222460688499 40 0 899 
B 0.285331706965243 31 0 459 
S 1.9254254149123105 12 0 899 
B 0.30036591566165605 11 0 459 
S 1.0265231946508564 16 0 459 
S 2.0041255008743093 4 0 459 
B 0.5199457785145079 10 0 459 
B 0.1896401062717299 42 0 459 
S 0.100950189626551 27 0 459 
S 0.6239406562677541 3 0 459 
B 0.6850343746046796 7 0 459 
S 0.813434359261783 31 0 459 
B 0.2829948640038529 9 0 459 
S 0.28326567192624896 46 0 459 
S 0.9035782340010137 2 0 459 
B 1.4662575953244268 14 0 899 
S 1.6610885709788885 28 0 899 
B 1.0783690013850107 19 0 459 
B 0.8657941213291585 0 0 459 
S 0.6916690928950597 11 0 459 
S 0.5069400662254049 29 0 459 
S 0.3486001899688196 16 0 899 
S 0.18834426841562202 28 0 459 
B 0.2838020891876756 18 0 899 
S 0.74036273142955 18 0 459 
S 0.08200734822658706 34 0 459 
S 0.35993175948032885 26 0 899 
B 0.3069767100198071 26 0 459 
B 1.401567853871704 34 0 459 
S 2.0515894399854684 38 0 459 
S 1.7119655875954054 4 0 459 
B 0.5521941252143829 20 0 899 
S 0.22133884185338992 45 0 459 
B 3.0314510977859994 41 0 459 
S 0.9953119666377699 46 0 459 
S 1.61630874749292 8 0 899 
S 0.5367252237839928 26 0 459 
B 0.29999532072334834 28 0 899 
S 0.8929857154233858 13 0 459 
B 0.8164951896895722 17 0 899 
B 0.16458879806629234 20 0 459 
B 0.5297741224176873 2 0 459 
S 0.5190943335583302 20 0 459 
B 0.9860804499558116 9 0 459 
S 0.49851714887223064 42 0 459 
B 0.7185412683333681 8 0 899 
B 1.1928209165808905 3 0 459 
S 0.3068539889665214 20 0 459 
S 0.2662419126468425 22 0 459 
B 0.018749073484495504 7 0 459 
B 2.8832181053595676 34 0 459 
B 0.8479151870775103 28 0 459 
S 0.19563764203709422 41 0 459 
B 0.09920705545913844 17 0 459 
S 0.06084966845158846 20 0 459 
B 0.3081715370847231 14 0 459 
S 1.921530398487696 20 0 459 
B 1.4475609704100636 38 0 899 
S 0.44708008547429845 34 0 459 
B 0.19335820880371646 18 0 459 
B 0.8466034401905347 9 0 459 
B 1.5236941001565079 42 0 459 
B 0.42664296779900734 16 0 459 
S 0.22934044323432 36 0 459 
B 0.10841272516318501 18 0 899 
B 0.4570467506311022 18 0 899 
S 1.1528317165741147 36 0 459 
B 0.3976222208170226 28 0 459 
S 0.6739217267683317 37 0 459 
S 1.0294027809366186 34 0 899 
S 0.16654183604466777 20 0 899 
S 1.3505801799921464 45 0 459 
B 1.241406959198839 45 0 459 
B 0.35248563503994834 6 0 459 
S 1.647602221765358 14 0 459 
B 0.48525048775456714 23 0 459 
B 0.7801045786602243 26 0 459 
B 1.055399875367181 16 0 459 
B 1.5991710837454889 33 0 459 
B 1.0450826228489412 1 0 459 
S 0.12596619019541055 38 0 459 
S 0.746454939503538 4 0 899 
S 0.6343073042570477 30 0 459 
S 0.8850193615224091 16 0 459 
S 0.8086305220323311 25 0 459 
S 0.7764313785711652 31 0 459 
B 0.19968969751020804 38 0 459 
S 0.4716946628958638 36 0 459 
S 1.2355205585403715 42 0 899 
B 0.7714230675905025 21 0 899 
B 0.5616610608082286 16 0 459 
S 1.2903209546223078 20 0 459 
B 2.226539019393689 22 0 459 
B 0.6210861573695938 20 0 459 
S 0.6316938915893289 31 0 899 
