S 1.7228926956949797 6 0 1 2 3 4 899 227 461 376 674 
B 0.02266761119146299 23 0 1 2 3 4 459 227 461 376 225 
B 2.311266836562795 1 0 1 2 3 4 459 564 481 880 225 
B 2.8068784422015556 0 0 1 2 3 4 459 227 461 376 225 
B 3.1885707162433325 42 0 1 2 3 4 459 227 461 376 225 
S 1.226032478654532 17 0 1 2 3 4 459 227 461 376 225 
S 0.5918106299147228 20 0 1 2 3 4 459 227 461 376 225 
S 0.05937799448772019 21 0 1 2 3 4 459 227 461 376 225 
S 0.15136579716013898 30 0 1 2 3 4 459 227 461 376 225 
B 2.7224949096901865 15 0 1 2 3 4 899 227 461 376 674 
S 0.5103973859537776 19 0 1 2 3 4 899 227 461 376 674 
S 0.1646838824146286 27 0 1 2 3 4 899 227 461 376 674 
B 0.852158136612343 27 0 1 2 3 4 459 227 461 376 225 
B 1.0080148261280275 8 0 1 2 3 4 899 227 461 376 674 
B 0.7581378504647507 17 0 1 2 3 4 459 227 461 376 225 
B 1.7616833278070505 18 0 1 2 3 4 459 227 461 376 225 
S 0.3279995210529165 46 0 1 2 3 4 459 564 481 880 225 
B 0.09126719797787874 23 0 1 2 3 4 899 227 461 376 674 
B 1.1238850566007645 40 0 1 2 3 4 459 227 461 376 225 
S 1.9232880985500778 21 0 1 2 3 4 459 227 461 376 225 
B 0.6752772189942782 36 0 1 2 3 4 899 227 461 376 674 
B 0.6947037406993548 38 0 1 2 3 4 899 227 461 376 674 
S 0.39652726494392 2 0 1 2 3 4 899 227 461 376 674 
B 0.9135130919279044 23 0 1 2 3 4 459 227 461 376 225 
S 0.9088906899204456 29 0 1 2 3 4 459 564 481 880 225 
B 0.9789276187148692 10 0 1 2 3 4 459 227 461 376 225 
B 0.512932004639655 37 0 1 2 3 4 459 564 481 880 225 
B 0.12378219367999144 31 0 1 2 3 4 459 227 461 376 225 
S 0.5481632187849108 11 0 1 2 3 4 459 227 461 376 225 
S 1.204215180779518 7 0 1 2 3 4 459 564 481 880 225 
S 0.9262986167329981 33 0 1 2 3 4 459 227 461 376 225 
B 1.7546956269871075 18 0 1 2 3 4 459 227 461 376 225 
S 0.14775914799736345 23 0 1 2 3 4 459 227 461 376 225 
B 0.49757935710160606 0 0 1 2 3 4 459 227 461 376 225 
B 2.99476890246855 31 0 1 2 3 4 459 564 481 880 225 
B 1.4788787744586571 37 0 1 2 3 4 459 564 481 880 225 
S 0.13226773092831046 18 0 1 2 3 4 459 564 481 880 225 
S 1.94315575244228 2 0 1 2 3 4 459 227 461 376 225 
B 0.8000288228637489 40 0 1 2 3 4 459 227 461 376 225 
B 1.7243380148818783 11 0 1 2 3 4 459 227 461 376 225 
S 1.1743316802239594 45 0 1 2 3 4 459 564 481 880 225 
S 1.2451101162277443 45 0 1 2 3 4 899 227 461 376 674 
S 1.6456666202944277 16 0 1 2 3 4 459 227 461 376 225 
B 1.3226369209749507 4 0 1 2 3 4 459 564 481 880 225 
S 1.077266976072421 15 0 1 2 3 4 899 227 461 376 674 
S 0.36466217610996665 9 0 1 2 3 4 459 227 461 376 225 
B 2.246372900359761 10 0 1 2 3 4 899 227 461 376 674 
S 0.18931811910305285 16 0 1 2 3 4 899 227 461 376 674 
S 0.9364286852443051 46 0 1 2 3 4 459 227 461 376 225 
B 1.5401663422162288 42 0 1 2 3 4 459 227 461 376 225 
S 0.24239298817880517 17 0 1 2 3 4 459 227 461 376 225 
B 0.1613717857641248 44 0 1 2 3 4 459 564 481 880 225 
B 0.7433837981523599 4 0 1 2 3 4 459 227 461 376 225 
S 1.665346185485559 38 0 1 2 3 4 459 227 461 376 225 
B 1.3299733970435224 26 0 1 2 3 4 459 227 461 376 225 
S 0.6712084802454399 26 0 1 2 3 4 459 564 481 880 225 
B 0.2550565840125554 36 0 1 2 3 4 459 564 481 880 225 
S 1.379019695298351 4 0 1 2 3 4 459 227 461 376 225 
S 0.483743820715687 46 0 1 2 3 4 459 227 461 376 225 
B 2.9586580186933498 34 0 1 2 3 4 459 227 461 376 225 
B 0.30986403762871095 42 0 1 2 3 4 459 227 461 376 225 
S 0.06203986219264479 30 0 1 2 3 4 459 227 461 376 225 
B 3.0113933461457787 28 0 1 2 3 4 459 227 461 376 225 
S 1.52458031390697 45 0 1 2 3 4 459 564 481 880 225 
B 0.5795464257988803 29 0 1 2 3 4 899 227 461 376 674 
S 0.04087223740442525 31 0 1 2 3 4 459 227 461 376 225 
B 0.46592987322644586 3 0 1 2 3 4 459 227 461 376 225 
S 0.6103249411922844 30 0 1 2 3 4 459 564 481 880 225 
B 0.40716230369608564 15 0 1 2 3 4 459 227 461 376 225 
S 2.5282451919145768 15 0 1 2 3 4 899 227 461 376 674 
B 0.36550843880993433 11 0 1 2 3 4 459 227 461 376 225 
B 0.3677075821019571 3 0 1 2 3 4 459 227 461 376 225 
S 1.2940427918156754 23 0 1 2 3 4 459 564 481 880 225 
B 0.9409302876159957 37 0 1 2 3 4 459 227 461 376 225 
B 0.5322465816117701 46 0 1 2 3 4 459 564 481 880 225 
B 2.0833202345516977 24 0 1 2 3 4 459 564 481 880 225 
S 2.681758597373654 6 0 1 2 3 4 459 564 481 880 225 
B 1.669210651884935 42 0 1 2 3 4 899 227 461 376 674 
B 0.7899912544173766 35 0 1 2 3 4 459 564 481 880 225 
S 0.9910318819133019 7 0 1 2 3 4 899 227 461 376 674 
B 0.206851116783902 3 0 1 2 3 4 899 227 461 376 674 
S 0.019560777848836253 25 0 1 2 3 4 459 564 481 880 225 
B 0.2555897746579294 15 0 1 2 3 4 459 227 461 376 225 
S 0.9783244697570206 26 0 1 2 3 4 459 227 461 376 225 
S 0.12771099172225586 12 0 1 2 3 4 459 564 481 880 225 
B 0.7694084337686 28 0 1 2 3 4 459 227 461 376 225 
S 1.0919732693342645 30 0 1 2 3 4 459 227 461 376 225 
S 0.5927127677476864 23 0 1 2 3 4 459 227 461 376 225 
S 0.5207951458814133 42 0 1 2 3 4 459 564 481 880 225 
S 1.8209872549362718 2 0 1 2 3 4 459 227 461 376 225 
B 0.8675191756311076 36 0 1 2 3 4 459 564 481 880 225 
S 0.2589399506607766 39 0 1 2 3 4 459 227 461 376 225 
S 0.21046489453335226 40 0 1 2 3 4 899 227 461 376 674 
B 0.43377953824445026 8 0 1 2 3 4 459 227 461 376 225 
S 1.107649865497038 2 0 1 2 3 4 899 227 461 376 674 
B 2.2558144847136132 24 0 1 2 3 4 459 227 461 376 225 
B 1.4971624906260192 37 0 1 2 3 4 459 564 481 880 225 
S 0.0907326606011507 45 0 1 2 3 4 459 227 461 376 225 
S 0.6793601037825132 32 0 1 2 3 4 459 227 461 376 225 
S 2.0122574916504083 37 0 1 2 3 4 459 227 461 376 225 
S 0.527680506532449 42 0 1 2 3 4 459 564 481 880 225 
B 0.5026662516280433 19 0 1 2 3 4 459 227 461 376 225 
B 1.2682829094663015 0 0 1 2 3 4 459 227 461 376 225 
S 1.23208110754946 28 0 1 2 3 4 459 564 481 880 225 
B 0.9620635088598419 25 0 1 2 3 4 459 227 461 376 225 
B 0.2673500265809299 37 0 1 2 3 4 899 227 461 376 674 
B 0.034086712572242384 23 0 1 2 3 4 899 227 461 376 674 
S 1.7332875877783716 18 0 1 2 3 4 459 227 461 376 225 
B 0.38713259086829677 35 0 1 2 3 4 899 227 461 376 674 
S 0.61004758743056 45 0 1 2 3 4 459 227 461 376 225 
B 0.4118386290163887 23 0 1 2 3 4 459 227 461 376 225 
B 0.6672333117036056 21 0 1 2 3 4 459 227 461 376 225 
S 0.16667090242815608 23 0 1 2 3 4 459 564 481 880 225 
S 0.49542695499213885 0 0 1 2 3 4 459 227 461 376 225 
B 1.00768835550815 24 0 1 2 3 4 459 564 481 880 225 
B 0.337552415062512 19 0 1 2 3 4 899 227 461 376 674 
B 0.05223299516066415 8 0 1 2 3 4 899 227 461 376 674 
B 0.6841941875837074 0 0 1 2 3 4 459 227 461 376 225 
B 1.391171152616928 27 0 1 2 3 4 899 227 461 376 674 
S 0.0002490120281120056 23 0 1 2 3 4 899 227 461 376 674 
B 2.854233168446573 29 0 1 2 3 4 459 227 461 376 225 
B 0.6143390926604697 36 0 1 2 3 4 899 227 461 376 674 
B 0.5183229427998981 28 0 1 2 3 4 459 227 461 376 225 
B 0.6463012623902626 25 0 1 2 3 4 459 227 461 376 225 
B 1.162804860913515 2 0 1 2 3 4 899 227 461 376 674 
B 0.8375116137341978 16 0 1 2 3 4 459 564 481 880 225 
B 0.7000363264264564 44 0 1 2 3 4 459 564 481 880 225 
S 0.2590754140254514 28 0 1 2 3 4 459 227 461 376 225 
S 0.8924910085841509 3 0 1 2 3 4 899 227 461 376 674 
S 0.2146190634462375 24 0 1 2 3 4 459 564 481 880 225 
S 0.2986435047491476 33 0 1 2 3 4 459 564 481 880 225 
B 0.315106565984971 10 0 1 2 3 4 459 564 481 880 225 
B 1.233223325026434 40 0 1 2 3 4 459 227 461 376 225 
S 2.0545346495202352 39 0 1 2 3 4 459 227 461 376 225 
S 1.2756549180153183 20 0 1 2 3 4 899 227 461 376 674 
B 2.155049780638336 29 0 1 2 3 4 459 227 461 376 225 
B 0.1708397449141783 34 0 1 2 3 4 459 564 481 880 225 
B 0.16042598805470387 6 0 1 2 3 4 459 227 461 376 225 
S 1.28849034639018 11 0 1 2 3 4 899 227 461 376 674 
B 0.04931941472134849 5 0 1 2 3 4 459 227 461 376 225 
S 0.43106973425476447 2 0 1 2 3 4 899 227 461 376 674 
B 2.867621386262635 1 0 1 2 3 4 899 227 461 376 674 
S 0.11488617058769979 28 0 1 2 3 4 459 227 461 376 225 
B 0.08483249953717653 4 0 1 2 3 4 459 227 461 376 225 
B 0.005233625953621868 10 0 1 2 3 4 459 564 481 880 225 
B 1.0659166073824071 9 0 1 2 3 4 459 564 481 880 225 
B 1.4419411104783677 42 0 1 2 3 4 459 564 481 880 225 
B 1.8022406522187877 40 0 1 2 3 4 459 227 461 376 225 
S 1.5655299389128778 18 0 1 2 3 4 899 227 461 376 674 
B 0.32418443844960176 42 0 1 2 3 4 459 227 461 376 225 
B 1.759370247887814 17 0 1 2 3 4 459 227 461 376 225 
S 1.089301189751179 1 0 1 2 3 4 459 227 461 376 225 
B 1.3730365478733537 5 0 1 2 3 4 459 227 461 376 225 
B 0.5686287798366809 32 0 1 2 3 4 899 227 461 376 674 
S 2.1788979861561817 29 0 1 2 3 4 899 227 461 376 674 
S 1.6832236066244164 2 0 1 2 3 4 899 227 461 376 674 
S 0.07845507455764977 28 0 1 2 3 4 899 227 461 376 674 
S 0.5319659952722393 16 0 1 2 3 4 459 227 461 376 225 
B 0.14745161536801188 31 0 1 2 3 4 899 227 461 376 674 
B 1.730700573328786 35 0 1 2 3 4 459 227 461 376 225 
S 1.6511199501406555 40 0 1 2 3 4 459 564 481 880 225 
S 0.6085649737135688 38 0 1 2 3 4 459 227 461 376 225 
B 0.8152087807425472 24 0 1 2 3 4 459 227 461 376 225 
S 0.25302819438610324 41 0 1 2 3 4 459 227 461 376 225 
S 0.8560244755675903 4 0 1 2 3 4 459 227 461 376 225 
B 0.9622746211671585 6 0 1 2 3 4 899 227 461 376 674 
S 1.746574757934419 14 0 1 2 3 4 459 227 461 376 225 
B 1.1713521089283532 15 0 1 2 3 4 899 227 461 376 674 
B 2.5053093986738784 4 0 1 2 3 4 459 564 481 880 225 
B 0.2132451938485973 33 0 1 2 3 4 899 227 461 376 674 
S 0.861106791714124 42 0 1 2 3 4 459 564 481 880 225 
S 0.7771643193931217 17 0 1 2 3 4 459 564 481 880 225 
S 1.7463185671468828 27 0 1 2 3 4 459 227 461 376 225 
B 0.09233717383649154 14 0 1 2 3 4 459 227 461 376 225 
S 0.7574856727736066 24 0 1 2 3 4 459 227 461 376 225 
B 2.852251603383645 3 0 1 2 3 4 459 564 481 880 225 
B 2.126466187638263 43 0 1 2 3 4 899 227 461 376 674 
S 0.3956297334109866 43 0 1 2 3 4 459 564 481 880 225 
S 1.1603825209553786 27 0 1 2 3 4 899 227 461 376 674 
B 0.12229798906301248 35 0 1 2 3 4 459 227 461 376 225 
S 0.8402381544681221 21 0 1 2 3 4 899 227 461 376 674 
B 1.6264808374576667 6 0 1 2 3 4 899 227 461 376 674 
S 0.9737013617244434 8 0 1 2 3 4 459 227 461 376 225 
B 0.57230445469163 25 0 1 2 3 4 459 227 461 376 225 
B 1.155682036293185 24 0 1 2 3 4 459 227 461 376 225 
S 0.6761572545712591 8 0 1 2 3 4 459 564 481 880 225 
S 0.6653129729418437 39 0 1 2 3 4 459 564 481 880 225 
B 0.02891032183189779 28 0 1 2 3 4 899 227 461 376 674 
B 1.046613031301609 31 0 1 2 3 4 899 227 461 376 674 
S 0.7360756896687635 34 0 1 2 3 4 899 227 461 376 674 
B 0.14505952475682982 9 0 1 2 3 4 899 227 461 376 674 
S 0.12924752531930217 22 0 1 2 3 4 459 227 461 376 225 
B 0.5897256934888331 1 0 1 2 3 4 459 564 481 880 225 
B 0.3068567853864712 14 0 1 2 3 4 459 564 481 880 225 
B 1.8235634914069427 14 0 1 2 3 4 899 227 461 376 674 
S 0.11105486453297786 25 0 1 2 3 4 899 227 461 376 674 
B 0.5778917112818167 25 0 1 2 3 4 899 227 461 376 674 
B 0.329134738540251 29 0 1 2 3 4 459 227 461 376 225 
S 0.922681107683335 25 0 1 2 3 4 459 564 481 880 225 
S 0.50427481337187 46 0 1 2 3 4 899 227 461 376 674 
B 0.9192350954163011 18 0 1 2 3 4 899 227 461 376 674 
B 0.35543351993471717 42 0 1 2 3 4 899 227 461 376 674 
B 0.731228336517388 21 0 1 2 3 4 459 564 481 880 225 
S 0.15930501935206998 22 0 1 2 3 4 459 227 461 376 225 
B 0.03474171972519713 19 0 1 2 3 4 459 227 461 376 225 
B 0.1629549053403032 27 0 1 2 3 4 459 227 461 376 225 
B 0.9578997723020564 34 0 1 2 3 4 459 564 481 880 225 
B 1.923635946625187 22 0 1 2 3 4 459 564 481 880 225 
S 0.44104099382577644 33 0 1 2 3 4 459 227 461 376 225 
S 1.3961726354573498 1 0 1 2 3 4 459 227 461 376 225 
B 0.3904516908403517 34 0 1 2 3 4 459 564 481 880 225 
S 1.4034714436395133 46 0 1 2 3 4 899 227 461 376 674 
B 0.7449862938859741 44 0 1 2 3 4 459 564 481 880 225 
S 1.0431273296041264 19 0 1 2 3 4 459 564 481 880 225 
B 1.2189712468954133 13 0 1 2 3 4 459 227 461 376 225 
B 0.3171345700256989 31 0 1 2 3 4 459 227 461 376 225 
B 0.5644785960841645 23 0 1 2 3 4 459 564 481 880 225 
S 0.8696912904842922 4 0 1 2 3 4 459 227 461 376 225 
S 1.9309000706052997 19 0 1 2 3 4 899 227 461 376 674 
S 0.6720507436532452 23 0 1 2 3 4 899 227 461 376 674 
B 2.517712213387264 35 0 1 2 3 4 459 227 461 376 225 
S 0.5541358654293793 30 0 1 2 3 4 899 227 461 376 674 
S 1.4379071733553141 25 0 1 2 3 4 459 227 461 376 225 
S 1.626407492027842 12 0 1 2 3 4 459 564 481 880 225 
B 2.1216318695658902 9 0 1 2 3 4 899 227 461 376 674 
S 0.04237361015391716 25 0 1 2 3 4 459 564 481 880 225 
S 1.0657022070824338 13 0 1 2 3 4 459 564 481 880 225 
S 1.5834532213953043 17 0 1 2 3 4 459 227 461 376 225 
S 2.1241109410576167 41 0 1 2 3 4 899 227 461 376 674 
B 0.5586893648253284 15 0 1 2 3 4 899 227 461 376 674 
S 1.9225710482165717 41 0 1 2 3 4 459 227 461 376 225 
B 0.3066570889646565 6 0 1 2 3 4 459 227 461 376 225 
S 1.3424704813578145 26 0 1 2 3 4 459 564 481 880 225 
S 0.07986061918483944 26 0 1 2 3 4 459 564 481 880 225 
B 0.3452751099719933 0 0 1 2 3 4 459 227 461 376 225 
B 0.16286251442256905 31 0 1 2 3 4 459 564 481 880 225 
S 1.1369158102722237 24 0 1 2 3 4 459 227 461 376 225 
S 0.6041225113876703 36 0 1 2 3 4 459 564 481 880 225 
S 1.3598117261167681 34 0 1 2 3 4 459 227 461 376 225 
S 0.2985477473885423 1 0 1 2 3 4 459 227 461 376 225 
S 0.3151335796175685 11 0 1 2 3 4 459 564 481 880 225 
B 1.3858664115980837 15 0 1 2 3 4 459 564 481 880 225 
S 0.3793113057207318 30 0 1 2 3 4 899 227 461 376 674 
B 1.4735297802790148 19 0 1 2 3 4 899 227 461 376 674 
B 1.1157340384267016 26 0 1 2 3 4 459 564 481 880 225 
S 0.6538927759876962 29 0 1 2 3 4 459 564 481 880 225 
S 1.1934292197302865 8 0 1 2 3 4 459 227 461 376 225 
B 0.5518865044620496 12 0 1 2 3 4 459 564 481 880 225 
S 0.08418395288407243 4 0 1 2 3 4 459 227 461 376 225 
S 1.49211001284604 39 0 1 2 3 4 899 227 461 376 674 
B 1.9962719646699947 14 0 1 2 3 4 459 564 481 880 225 
S 0.10453571644286175 6 0 1 2 3 4 459 564 481 880 225 
B 0.48880342438450786 39 0 1 2 3 4 459 227 461 376 225 
B 0.08279121478210083 17 0 1 2 3 4 459 227 461 376 225 
S 0.5215096823606471 31 0 1 2 3 4 899 227 461 376 674 
B 0.06821726582397591 44 0 1 2 3 4 899 227 461 376 674 
B 0.32783794045554604 26 0 1 2 3 4 459 564 481 880 225 
B 0.07126535221743158 28 0 1 2 3 4 459 227 461 376 225 
B 0.20122887015777202 2 0 1 2 3 4 459 227 461 376 225 
S 0.5445365975843632 1 0 1 2 3 4 459 227 461 376 225 
B 1.286060251486111 12 0 1 2 3 4 899 227 461 376 674 
B 1.2717039736668934 37 0 1 2 3 4 459 564 481 880 225 
B 0.03894777410345274 11 0 1 2 3 4 459 564 481 880 225 
S 0.6252840709400642 36 0 1 2 3 4 459 564 481 880 225 
B 0.02919983481021493 16 0 1 2 3 4 899 227 461 376 674 
B 1.267658918677255 2 0 1 2 3 4 459 227 461 376 225 
B 0.41693457154913194 20 0 1 2 3 4 899 227 461 376 674 
S 0.2602904870168494 2 0 1 2 3 4 899 227 461 376 674 
B 1.8717680434079123 30 0 1 2 3 4 459 227 461 376 225 
S 0.1422292633948139 1 0 1 2 3 4 459 564 481 880 225 
B 0.2557704935613252 8 0 1 2 3 4 459 564 481 880 225 
S 0.4686541063256282 45 0 1 2 3 4 899 227 461 376 674 
S 1.908501107329145 22 0 1 2 3 4 459 227 461 376 225 
B 2.5666556854099802 20 0 1 2 3 4 899 227 461 376 674 
S 0.8972297775049807 39 0 1 2 3 4 459 227 461 376 225 
B 2.029569463754618 3 0 1 2 3 4 459 227 461 376 225 
B 1.0243623438120268 13 0 1 2 3 4 459 227 461 376 225 
B 1.3346893474866235 0 0 1 2 3 4 459 227 461 376 225 
B 1.6983871025964863 25 0 1 2 3 4 459 227 461 376 225 
B 0.21965267995793258 42 0 1 2 3 4 459 564 481 880 225 
S 0.6553780801499496 36 0 1 2 3 4 899 227 461 376 674 
B 0.6888129990009357 27 0 1 2 3 4 459 564 481 880 225 
B 0.18403307503533117 43 0 1 2 3 4 899 227 461 376 674 
S 0.2745222255584938 30 0 1 2 3 4 459 564 481 880 225 
S 0.018565532228742576 5 0 1 2 3 4 459 564 481 880 225 
B 0.06584930989509541 30 0 1 2 3 4 459 227 461 376 225 
B 1.1201246912281455 44 0 1 2 3 4 459 227 461 376 225 
B 1.5534307998533192 46 0 1 2 3 4 459 564 481 880 225 
S 0.7491519448756572 21 0 1 2 3 4 459 564 481 880 225 
B 0.01635912508713222 18 0 1 2 3 4 459 227 461 376 225 
B 0.01574383754186659 7 0 1 2 3 4 899 227 461 376 674 
S 0.12955915184826416 29 0 1 2 3 4 459 564 481 880 225 
S 0.3137856010302844 11 0 1 2 3 4 459 227 461 376 225 
B 0.3845841473434408 6 0 1 2 3 4 459 227 461 376 225 
S 0.5444693736669768 9 0 1 2 3 4 459 227 461 376 225 
B 0.7305144575955156 18 0 1 2 3 4 459 227 461 376 225 
B 0.5391306561562059 2 0 1 2 3 4 459 564 481 880 225 
B 0.25949013324084014 27 0 1 2 3 4 459 227 461 376 225 
S 1.4763282881376147 17 0 1 2 3 4 459 227 461 376 225 
B 0.0009378381077729259 39 0 1 2 3 4 459 227 461 376 225 
S 0.9208816128718231 4 0 1 2 3 4 459 564 481 880 225 
S 0.976503913743473 13 0 1 2 3 4 899 227 461 376 674 
S 1.8620100782867555 35 0 1 2 3 4 459 227 461 376 225 
S 0.23322374173764704 38 0 1 2 3 4 899 227 461 376 674 
B 0.3828397702798627 40 0 1 2 3 4 459 564 481 880 225 
B 0.7934528105777616 23 0 1 2 3 4 459 227 461 376 225 
S 0.05305718305234475 18 0 1 2 3 4 459 564 481 880 225 
B 0.7746338893385181 11 0 1 2 3 4 459 227 461 376 225 
S 0.00010461526394411891 17 0 1 2 3 4 459 227 461 376 225 
B 0.029426085196522678 31 0 1 2 3 4 899 227 461 376 674 
S 1.2250535689681437 45 0 1 2 3 4 459 564 481 880 225 
S 0.04219263673641471 4 0 1 2 3 4 459 564 481 880 225 
S 0.2522737288980368 21 0 1 2 3 4 459 227 461 376 225 
S 0.0703439696879391 43 0 1 2 3 4 459 564 481 880 225 
S 0.2506455500664275 2 0 1 2 3 4 459 227 461 376 225 
S 1.8632030580178736 8 0 1 2 3 4 899 227 461 376 674 
B 0.9082582588264385 16 0 1 2 3 4 899 227 461 376 674 
B 1.8659872102321655 3 0 1 2 3 4 459 564 481 880 225 
B 0.20770326955790175 8 0 1 2 3 4 459 227 461 376 225 
S 0.7101378631923048 23 0 1 2 3 4 899 227 461 376 674 
B 0.017784437765553385 46 0 1 2 3 4 899 227 461 376 674 
B 1.8167614595505963 18 0 1 2 3 4 459 564 481 880 225 
S 1.2431369663740615 25 0 1 2 3 4 459 564 481 880 225 
S 0.05906458846279783 27 0 1 2 3 4 459 227 461 376 225 
B 0.7988179731997125 13 0 1 2 3 4 899 227 461 376 674 
S 0.3369297228829229 19 0 1 2 3 4 899 227 461 376 674 
B 3.26378204507784 5 0 1 2 3 4 459 564 481 880 225 
B 0.12998074036895524 15 0 1 2 3 4 459 227 461 376 225 
B 0.9172727120835296 22 0 1 2 3 4 899 227 461 376 674 
S 1.2329579449705816 23 0 1 2 3 4 459 564 481 880 225 
S 1.3633473152276725 15 0 1 2 3 4 459 227 461 376 225 
B 1.67928693492793 14 0 1 2 3 4 899 227 461 376 674 
S 2.2073434176257782 40 0 1 2 3 4 459 564 481 880 225 
B 1.4508890554541853 29 0 1 2 3 4 459 564 481 880 225 
S 1.6073008323150564 25 0 1 2 3 4 899 227 461 376 674 
S 1.420005566099718 8 0 1 2 3 4 459 564 481 880 225 
S 1.436278885875006 13 0 1 2 3 4 459 564 481 880 225 
B 1.1434550820654987 13 0 1 2 3 4 459 227 461 376 225 
S 0.2509823109741358 45 0 1 2 3 4 459 564 481 880 225 
S 0.29598154255186593 43 0 1 2 3 4 459 564 481 880 225 
S 0.4823018760116531 17 0 1 2 3 4 459 564 481 880 225 
S 0.6117662734447435 35 0 1 2 3 4 459 564 481 880 225 
B 2.3622648533484245 31 0 1 2 3 4 459 564 481 880 225 
S 0.8876291307468351 9 0 1 2 3 4 459 227 461 376 225 
S 0.49590139827795365 12 0 1 2 3 4 459 227 461 376 225 
B 2.3093782810812957 45 0 1 2 3 4 459 564 481 880 225 
S 0.9664570634405587 0 0 1 2 3 4 459 564 481 880 225 
B 0.5172782785462937 25 0 1 2 3 4 459 227 461 376 225 
S 1.5104596596839333 1 0 1 2 3 4 459 564 481 880 225 
S 1.2317826994618404 23 0 1 2 3 4 459 227 461 376 225 
B 1.5314292315796676 8 0 1 2 3 4 459 564 481 880 225 
S 1.2101831221379236 20 0 1 2 3 4 459 227 461 376 225 
B 0.8429317932835945 29 0 1 2 3 4 899 227 461 376 674 
B 0.5271268037704973 33 0 1 2 3 4 459 227 461 376 225 
S 1.0034875279926094 37 0 1 2 3 4 899 227 461 376 674 
B 1.7965537465444799 25 0 1 2 3 4 459 564 481 880 225 
S 0.48897224781281157 27 0 1 2 3 4 459 564 481 880 225 
B 0.6868716259142849 39 0 1 2 3 4 899 227 461 376 674 
S 1.499832381792932 37 0 1 2 3 4 459 564 481 880 225 
S 0.45266917035669163 28 0 1 2 3 4 459 227 461 376 225 
S 0.13239331045794334 20 0 1 2 3 4 899 227 461 376 674 
S 1.5947610073155385 29 0 1 2 3 4 459 227 461 376 225 
S 1.7095064537493352 36 0 1 2 3 4 459 227 461 376 225 
B 0.5670394882064693 0 0 1 2 3 4 459 227 461 376 225 
S 0.8791360814268439 9 0 1 2 3 4 459 227 461 376 225 
S 0.3428916779412541 6 0 1 2 3 4 899 227 461 376 674 
B 0.6964746592345827 10 0 1 2 3 4 899 227 461 376 674 
S 1.549000446990707 36 0 1 2 3 4 899 227 461 376 674 
S 0.3144484930659672 13 0 1 2 3 4 459 227 461 376 225 
S 0.2310038375721124 3 0 1 2 3 4 459 227 461 376 225 
S 0.8173481919462082 29 0 1 2 3 4 459 227 461 376 225 
S 0.11178643584234749 46 0 1 2 3 4 899 227 461 376 674 
S 1.5489151792576203 33 0 1 2 3 4 459 227 461 376 225 
S 0.3758611753246166 17 0 1 2 3 4 899 227 461 376 674 
S 0.14065011052382825 14 0 1 2 3 4 899 227 461 376 674 
S 0.20116463592096157 25 0 1 2 3 4 459 227 461 376 225 
B 1.8543241446045267 23 0 1 2 3 4 899 227 461 376 674 
B 0.7290281313383318 35 0 1 2 3 4 459 564 481 880 225 
S 0.1243246742755666 10 0 1 2 3 4 459 227 461 376 225 
S 0.1529474379514424 43 0 1 2 3 4 459 564 481 880 225 
S 0.7239110044433081 2 0 1 2 3 4 899 227 461 376 674 
S 0.6556556148191666 0 0 1 2 3 4 459 564 481 880 225 
B 0.41642856881549317 0 0 1 2 3 4 459 227 461 376 225 
S 0.5200384750490903 11 0 1 2 3 4 459 227 461 376 225 
S 1.6325734137853694 26 0 1 2 3 4 459 227 461 376 225 
S 1.9263343220850269 8 0 1 2 3 4 899 227 461 376 674 
B 1.5988771934522426 8 0 1 2 3 4 459 564 481 880 225 
S 0.6721446085263301 41 0 1 2 3 4 459 227 461 376 225 
S 0.9118143510196521 13 0 1 2 3 4 459 227 461 376 225 
S 2.043438713366781 31 0 1 2 3 4 459 227 461 376 225 
B 0.6536754336535857 44 0 1 2 3 4 459 564 481 880 225 
S 2.298838096480586 11 0 1 2 3 4 459 227 461 376 225 
B 0.98847181337214 9 0 1 2 3 4 459 227 461 376 225 
B 0.5238096245884298 28 0 1 2 3 4 459 564 481 880 225 
B 1.299656225137988 11 0 1 2 3 4 899 227 461 376 674 
B 1.1037313793632402 28 0 1 2 3 4 459 227 461 376 225 
B 0.31551841534978475 25 0 1 2 3 4 899 227 461 376 674 
B 0.5709730529021932 17 0 1 2 3 4 459 227 461 376 225 
B 0.23522362476261094 0 0 1 2 3 4 459 227 461 376 225 
S 0.898402062293826 33 0 1 2 3 4 459 227 461 376 225 
B 0.47203359109806087 3 0 1 2 3 4 459 564 481 880 225 
S 0.7126884522869181 8 0 1 2 3 4 459 564 481 880 225 
S 0.0045214159395774445 25 0 1 2 3 4 899 227 461 376 674 
B 2.8675064409071354 32 0 1 2 3 4 459 227 461 376 225 
B 0.5140542327766262 34 0 1 2 3 4 459 227 461 376 225 
S 0.08501223977102335 40 0 1 2 3 4 899 227 461 376 674 
S 1.3155810377247121 31 0 1 2 3 4 459 227 461 376 225 
S 0.5662659720845165 12 0 1 2 3 4 899 227 461 376 674 
B 1.3127170037637113 11 0 1 2 3 4 459 564 481 880 225 
S 1.4600877614358092 16 0 1 2 3 4 459 227 461 376 225 
S 1.553268943729217 4 0 1 2 3 4 459 227 461 376 225 
B 0.3602669497626696 10 0 1 2 3 4 459 227 461 376 225 
B 0.7248957332267283 42 0 1 2 3 4 459 564 481 880 225 
B 0.030506900013027582 27 0 1 2 3 4 459 227 461 376 225 
S 0.09602241794157607 3 0 1 2 3 4 459 227 461 376 225 
S 0.6052838975972596 7 0 1 2 3 4 459 227 461 376 225 
S 0.18296981299394321 31 0 1 2 3 4 459 564 481 880 225 
B 0.3682077634499512 9 0 1 2 3 4 459 227 461 376 225 
S 1.1605542653256045 46 0 1 2 3 4 459 227 461 376 225 
S 0.7956270262810605 2 0 1 2 3 4 459 227 461 376 225 
B 3.0836071786767576 14 0 1 2 3 4 899 227 461 376 674 
B 0.01388554654403329 28 0 1 2 3 4 899 227 461 376 674 
B 0.2357396251687467 19 0 1 2 3 4 459 227 461 376 225 
B 0.1589936218142407 0 0 1 2 3 4 459 227 461 376 225 
S 0.3581132777402356 11 0 1 2 3 4 459 227 461 376 225 
S 1.045493400030189 29 0 1 2 3 4 459 227 461 376 225 
S 2.404095139452255 16 0 1 2 3 4 899 227 461 376 674 
S 1.0145438587347506 28 0 1 2 3 4 459 564 481 880 225 
B 0.7231196121588397 18 0 1 2 3 4 899 227 461 376 674 
S 1.3894763813220914 18 0 1 2 3 4 459 227 461 376 225 
B 0.05232617090533154 34 0 1 2 3 4 459 227 461 376 225 
B 0.19229891608388616 26 0 1 2 3 4 899 227 461 376 674 
B 0.6773712093084319 26 0 1 2 3 4 459 227 461 376 225 
B 0.8638194990540748 34 0 1 2 3 4 459 227 461 376 225 
S 0.6431995792328342 38 0 1 2 3 4 459 227 461 376 225 
S 0.16699836046600502 4 0 1 2 3 4 459 564 481 880 225 
S 0.4849092904718191 20 0 1 2 3 4 899 227 461 376 674 
S 1.992756408239817 45 0 1 2 3 4 459 227 461 376 225 
B 2.9972321279973055 41 0 1 2 3 4 459 227 461 376 225 
B 0.14367307123951623 46 0 1 2 3 4 459 227 461 376 225 
S 1.9497261603306617 8 0 1 2 3 4 899 227 461 376 674 
S 0.21429403246281442 26 0 1 2 3 4 459 227 461 376 225 
B 0.514951389396769 28 0 1 2 3 4 899 227 461 376 674 
S 1.3260495526168414 13 0 1 2 3 4 459 227 461 376 225 
S 0.43449566095538295 17 0 1 2 3 4 899 227 461 376 674 
B 1.3282093404279918 20 0 1 2 3 4 459 564 481 880 225 
S 0.04964724707279 2 0 1 2 3 4 459 564 481 880 225 
S 2.4061635585348498 20 0 1 2 3 4 459 227 461 376 225 
S 0.02891742830110111 9 0 1 2 3 4 459 564 481 880 225 
S 0.29385882574910394 42 0 1 2 3 4 459 564 481 880 225 
S 0.06157165501339623 8 0 1 2 3 4 899 227 461 376 674 
B 1.0848732671347001 3 0 1 2 3 4 459 564 481 880 225 
S 0.6723612461059325 20 0 1 2 3 4 459 564 481 880 225 
B 1.0676774675809444 22 0 1 2 3 4 459 564 481 880 225 
B 0.6402210933578285 7 0 1 2 3 4 459 564 481 880 225 
B 2.1291633872518316 34 0 1 2 3 4 459 227 461 376 225 
B 0.4608128150823587 28 0 1 2 3 4 459 227 461 376 225 
S 0.8313005471601729 41 0 1 2 3 4 459 227 461 376 225 
B 1.3552904851382612 17 0 1 2 3 4 459 227 461 376 225 
S 0.9467165144410083 20 0 1 2 3 4 459 564 481 880 225 
B 0.5487359901329132 14 0 1 2 3 4 459 564 481 880 225 
S 1.1292854366838174 20 0 1 2 3 4 459 227 461 376 225 
B 0.9140232789376741 38 0 1 2 3 4 899 227 461 376 674 
S 0.6116354549800587 34 0 1 2 3 4 459 227 461 376 225 
B 0.2575778519458112 18 0 1 2 3 4 459 564 481 880 225 
S 0.89155010963026 9 0 1 2 3 4 459 564 481 880 225 
B 2.479131905974021 42 0 1 2 3 4 459 564 481 880 225 
S 0.8465227847283838 16 0 1 2 3 4 459 227 461 376 225 
S 1.4829678139290747 36 0 1 2 3 4 459 564 481 880 225 
S 0.499217824300187 18 0 1 2 3 4 899 227 461 376 674 
B 0.304065485245097 18 0 1 2 3 4 899 227 461 376 674 
S 2.366567553313881 36 0 1 2 3 4 459 564 481 880 225 
S 1.4995221100957572 28 0 1 2 3 4 459 227 461 376 225 
S 0.13777657488311146 37 0 1 2 3 4 459 227 461 376 225 
S 2.206754420330811 34 0 1 2 3 4 899 227 461 376 674 
B 1.2320287350975603 20 0 1 2 3 4 899 227 461 376 674 
S 0.3452521816174068 45 0 1 2 3 4 459 564 481 880 225 
S 0.879163326690068 45 0 1 2 3 4 459 227 461 376 225 
B 0.28002813774866286 6 0 1 2 3 4 459 227 461 376 225 
S 0.45871599104731153 14 0 1 2 3 4 459 227 461 376 225 
B 0.06160693243588966 23 0 1 2 3 4 459 227 461 376 225 
B 1.210202486026156 26 0 1 2 3 4 459 227 461 376 225 
B 0.4465814660636491 16 0 1 2 3 4 459 227 461 376 225 
B 1.0803427421060654 33 0 1 2 3 4 459 227 461 376 225 
B 0.5457316073112297 1 0 1 2 3 4 459 564 481 880 225 
S 0.6610400914968144 38 0 1 2 3 4 459 564 481 880 225 
B 0.2171509389402928 4 0 1 2 3 4 899 227 461 376 674 
S 0.9884046080489499 30 0 1 2 3 4 459 564 481 880 225 
S 0.5241601985618489 16 0 1 2 3 4 459 564 481 880 225 
S 0.9406358712712048 25 0 1 2 3 4 459 227 461 376 225 
S 1.6071929519009256 31 0 1 2 3 4 459 227 461 376 225 
S 0.6820244166254232 38 0 1 2 3 4 459 564 481 880 225 
B 1.0717683710970256 36 0 1 2 3 4 459 227 461 376 225 
S 1.4519143046809582 42 0 1 2 3 4 899 227 461 376 674 
S 0.032839128100525805 21 0 1 2 3 4 899 227 461 376 674 
S 0.3453499615705713 16 0 1 2 3 4 459 564 481 880 225 
S 1.0727389651919443 20 0 1 2 3 4 459 227 461 376 225 
B 2.3743555193671195 22 0 1 2 3 4 459 227 461 376 225 
S 0.49209786413655365 20 0 1 2 3 4 459 227 461 376 225 
B 0.9306694783194427 31 0 1 2 3 4 899 227 461 376 674 
