S 1.1405625496824152 6 0 1 899 227 
S 0.6410220825908501 23 0 1 459 227 
S 0.008989880833527586 1 0 1 459 564 
B 1.0633490897937756 0 0 1 459 227 
B 2.138074799900626 42 0 1 459 227 
S 1.9143724962747246 17 0 1 459 227 
S 0.5637467376609866 20 0 1 459 227 
B 0.7757128286395698 21 0 1 459 227 
S 1.6363051420676946 30 0 1 459 227 
B 2.0877587329069343 15 0 1 899 227 
S 0.9125383176449615 19 0 1 899 227 
S 0.07374985285294766 27 0 1 899 227 
B 1.349787401079869 27 0 1 459 227 
B 0.20522482722532231 8 0 1 899 227 
B 1.0593854253213282 17 0 1 459 227 
S 0.15636720183576447 18 0 1 459 227 
S 0.8324275748872472 46 0 1 459 564 
S 1.5128803358107108 23 0 1 899 227 
B 0.0844847521403791 40 0 1 459 227 
S 0.4483071028363881 21 0 1 459 227 
S 0.5558527893326781 36 0 1 899 227 
S 0.4755916769278583 38 0 1 899 227 
S 0.6031449449024322 2 0 1 899 227 
S 0.8427885921444167 23 0 1 459 227 
S 0.7240820719533261 29 0 1 459 564 
B 0.21713944093875792 10 0 1 459 227 
S 0.48030860774541395 37 0 1 459 564 
B 0.39246428665871314 31 0 1 459 227 
S 1.3897108986707165 11 0 1 459 227 
B 0.7519720444708904 7 0 1 459 564 
S 0.06111889023600625 33 0 1 459 227 
B 2.2334659513905972 18 0 1 459 227 
S 0.49054483636733526 23 0 1 459 227 
B 0.08372752881165368 0 0 1 459 227 
B 2.3873870574535196 31 0 1 459 564 
B 0.4231191896221569 37 0 1 459 564 
B 0.9776877539809465 18 0 1 459 564 
S 1.8450410922837843 2 0 1 459 227 
S 0.9748072364810474 40 0 1 459 227 
B 0.6505989650546367 11 0 1 459 227 
B 0.8009904839960704 45 0 1 459 564 
S 0.07675625851645762 45 0 1 899 227 
S 0.04631139983243937 16 0 1 459 227 
B 0.6579289637537569 4 0 1 459 564 
S 0.10926330734871037 15 0 1 899 227 
B 0.28047619632630294 9 0 1 459 227 
B 1.8882989352545216 10 0 1 899 227 
S 0.6778943632599193 16 0 1 899 227 
S 0.7057966618055191 46 0 1 459 227 
B 0.7832776375177195 42 0 1 459 227 
B 0.18340914937208996 17 0 1 459 227 
S 0.7727820553858642 44 0 1 459 564 
B 1.1829825775784943 4 0 1 459 227 
S 0.7764975704290098 38 0 1 459 227 
B 0.8307029643078874 26 0 1 459 227 
S 1.1501339842356053 26 0 1 459 564 
S 0.28643773332183464 36 0 1 459 564 
S 0.5726181490745406 4 0 1 459 227 
B 0.21604229778460837 46 0 1 459 227 
B 2.3506606518976287 34 0 1 459 227 
B 0.6172696626516281 42 0 1 459 227 
B 0.12397974868146378 30 0 1 459 227 
B 2.062556526841604 28 0 1 459 227 
S 1.4864208734063338 45 0 1 459 564 
B 1.2842349979853136 29 0 1 899 227 
S 0.492484286667227 31 0 1 459 227 
S 0.6051652905427591 3 0 1 459 227 
S 1.7962197886089175 30 0 1 459 564 
S 0.4541325629612434 15 0 1 459 227 
S 0.04478270318637456 15 0 1 899 227 
B 1.8974946877844747 11 0 1 459 227 
B 0.49605490433387445 3 0 1 459 227 
B 0.6250124903851422 23 0 1 459 564 
B 0.7827946679122766 37 0 1 459 227 
S 0.47163962010233096 46 0 1 459 564 
B 2.783158035420069 24 0 1 459 564 
B 0.19499637707625617 6 0 1 459 564 
B 0.8121268349752482 42 0 1 899 227 
B 0.46638135344188747 35 0 1 459 564 
S 1.667510395753201 7 0 1 899 227 
B 0.8621174165899657 3 0 1 899 227 
S 0.7945834185536604 25 0 1 459 564 
B 0.1322437557103715 15 0 1 459 227 
S 0.2879140720445772 26 0 1 459 227 
S 0.1428561707286109 12 0 1 459 564 
B 0.4311726237778055 28 0 1 459 227 
S 1.5197016252292892 30 0 1 459 227 
B 0.5606646012919443 23 0 1 459 227 
B 0.08971359388691447 42 0 1 459 564 
S 0.7592397222874281 2 0 1 459 227 
B 0.9036546516217099 36 0 1 459 564 
S 0.8047840444614343 39 0 1 459 227 
S 0.42161663586336484 40 0 1 899 227 
B 0.5950745853817887 8 0 1 459 227 
S 1.694877326535738 2 0 1 899 227 
B 1.6885858708738057 24 0 1 459 227 
B 2.698952307941177 37 0 1 459 564 
B 0.4104703368740168 45 0 1 459 227 
B 0.7450394688831361 32 0 1 459 227 
S 0.73260671165853 37 0 1 459 227 
S 0.6478605640699033 42 0 1 459 564 
B 1.4076210667417737 19 0 1 459 227 
S 0.09455387911506019 0 0 1 459 227 
S 0.578105304417428 28 0 1 459 564 
B 0.6263790544967591 25 0 1 459 227 
B 0.3902224230883373 37 0 1 899 227 
S 0.23383361371097422 23 0 1 899 227 
B 0.28094257929296695 18 0 1 459 227 
B 0.07764584732810764 35 0 1 899 227 
B 0.1255608485817925 45 0 1 459 227 
S 0.2514713449861672 23 0 1 459 227 
B 0.6278211972898564 21 0 1 459 227 
S 1.4806642094112847 23 0 1 459 564 
B 1.1340336149510009 0 0 1 459 227 
B 1.465516649018073 24 0 1 459 564 
S 0.7795667554141223 19 0 1 899 227 
S 0.4996934656077112 8 0 1 899 227 
S 0.31864887895735716 0 0 1 459 227 
B 1.565365437398273 27 0 1 899 227 
S 0.3810546953483618 23 0 1 899 227 
B 3.0027846301499554 29 0 1 459 227 
S 0.3326453283556239 36 0 1 899 227 
B 0.4509053118543713 28 0 1 459 227 
S 0.1181534342188657 25 0 1 459 227 
S 1.5277731947858877 2 0 1 899 227 
S 0.05107291763571631 16 0 1 459 564 
B 1.0437028964535982 44 0 1 459 564 
S 0.689972321467792 28 0 1 459 227 
S 1.0478897820590252 3 0 1 899 227 
B 1.4586846992670743 24 0 1 459 564 
B 1.158700302239482 33 0 1 459 564 
B 0.1479305040228125 10 0 1 459 564 
S 0.37038600892829265 40 0 1 459 227 
S 1.483629244200526 39 0 1 459 227 
S 0.07961055249900628 20 0 1 899 227 
B 2.829560521402196 29 0 1 459 227 
S 0.7237388752773324 34 0 1 459 564 
B 0.8688010489651194 6 0 1 459 227 
S 0.1977104122787967 11 0 1 899 227 
S 0.05064452966745492 5 0 1 459 227 
S 0.6505056857893212 2 0 1 899 227 
B 1.6850014623236325 1 0 1 899 227 
B 0.46515982836090863 28 0 1 459 227 
S 0.4440932792595982 4 0 1 459 227 
B 0.3009259118492915 10 0 1 459 564 
B 1.4908468000300195 9 0 1 459 564 
B 0.019675797393254868 42 0 1 459 564 
B 1.0875463183369654 40 0 1 459 227 
S 0.5155374872927689 18 0 1 899 227 
B 0.36159083678991877 42 0 1 459 227 
B 1.0226212394167362 17 0 1 459 227 
S 0.10487192949681301 1 0 1 459 227 
B 0.03293794667198302 5 0 1 459 227 
S 0.6603218932963246 32 0 1 899 227 
S 0.7784250674372135 29 0 1 899 227 
S 0.22039755196321487 2 0 1 899 227 
S 1.2679893057627503 28 0 1 899 227 
B 0.706331632158518 16 0 1 459 227 
B 0.6079093817479171 31 0 1 899 227 
B 1.9682956750675826 35 0 1 459 227 
S 0.9276047683046293 40 0 1 459 564 
S 1.8163756394514134 38 0 1 459 227 
B 1.132285752858369 24 0 1 459 227 
B 0.9892423296697439 41 0 1 459 227 
S 1.90478310205203 4 0 1 459 227 
B 1.2417093041803984 6 0 1 899 227 
S 1.279817761587827 14 0 1 459 227 
B 0.6354052178247631 15 0 1 899 227 
B 2.760228737569231 4 0 1 459 564 
S 0.431768703296604 33 0 1 899 227 
S 0.704007690967309 42 0 1 459 564 
B 0.37879781179065297 17 0 1 459 564 
S 1.5715473158011388 27 0 1 459 227 
B 0.39665176237364275 14 0 1 459 227 
B 0.07265375917784311 24 0 1 459 227 
B 1.6526589341625106 3 0 1 459 564 
B 2.7476198674585035 43 0 1 899 227 
S 0.2544263975938943 43 0 1 459 564 
B 0.23721559635572476 27 0 1 899 227 
B 0.031949219819495056 35 0 1 459 227 
S 1.1712382899322904 21 0 1 899 227 
B 1.5405257499300884 6 0 1 899 227 
S 0.25263091060575515 8 0 1 459 227 
B 0.3629902693203553 25 0 1 459 227 
B 0.970368318844617 24 0 1 459 227 
S 0.22292451834768467 8 0 1 459 564 
S 0.19325839546757173 39 0 1 459 564 
S 0.9926724970724488 28 0 1 899 227 
B 0.2026265801180145 31 0 1 899 227 
S 0.3552486393043619 34 0 1 899 227 
B 0.13615811665905841 9 0 1 899 227 
S 0.14040862122757058 22 0 1 459 227 
S 0.4715136235115551 1 0 1 459 564 
S 0.35968117825375323 14 0 1 459 564 
B 1.2375080136768872 14 0 1 899 227 
S 0.2848232159287747 25 0 1 899 227 
B 0.9407867684310007 25 0 1 899 227 
B 1.2481421104337347 29 0 1 459 227 
S 1.0355272618290288 25 0 1 459 564 
S 1.1582941435749827 46 0 1 899 227 
B 1.010961437825955 18 0 1 899 227 
B 0.32789368038867384 42 0 1 899 227 
B 0.4787934552792388 21 0 1 459 564 
B 0.4606246931916669 22 0 1 459 227 
B 1.5108645029649752 19 0 1 459 227 
B 0.2197978238195848 27 0 1 459 227 
B 0.8562428315079371 34 0 1 459 564 
B 2.821527413937865 22 0 1 459 564 
S 1.9184770327540903 33 0 1 459 227 
S 0.9492392443598909 1 0 1 459 227 
B 0.8578371042129298 34 0 1 459 564 
S 0.9345319632461244 46 0 1 899 227 
S 0.2400165484174499 44 0 1 459 564 
S 0.5892236609514008 19 0 1 459 564 
S 0.540231090646607 13 0 1 459 227 
S 0.9388882602676034 31 0 1 459 227 
B 0.9624333330998898 23 0 1 459 564 
S 0.2163402977444875 4 0 1 459 227 
S 2.274458112288409 19 0 1 899 227 
S 0.6323370527144165 23 0 1 899 227 
B 3.289318535433094 35 0 1 459 227 
S 0.35377067970997 30 0 1 899 227 
S 0.0908231743344361 25 0 1 459 227 
S 1.4189049219982746 12 0 1 459 564 
B 1.695462829379947 9 0 1 899 227 
B 0.9791107814360185 25 0 1 459 564 
S 0.16190030286016643 13 0 1 459 564 
S 0.7697124340123844 17 0 1 459 227 
S 0.013283388019826425 41 0 1 899 227 
B 0.49231263352460886 15 0 1 899 227 
S 1.3677911396092899 41 0 1 459 227 
B 0.9367409568569043 6 0 1 459 227 
B 0.2955981181587193 26 0 1 459 564 
S 1.4177643854083781 26 0 1 459 564 
S 0.40600070481966366 0 0 1 459 227 
B 1.169577147314544 31 0 1 459 564 
S 0.3976290093917658 24 0 1 459 227 
S 0.20433622018402708 36 0 1 459 564 
S 1.385571805452967 34 0 1 459 227 
B 0.5839786149510804 1 0 1 459 227 
B 0.007515045359833827 11 0 1 459 564 
B 0.23663832170149046 15 0 1 459 564 
B 0.5283761897225983 30 0 1 899 227 
B 1.2800655669270409 19 0 1 899 227 
B 2.2240182432616917 26 0 1 459 564 
B 0.4218466992657186 29 0 1 459 564 
S 0.24358123286959188 8 0 1 459 227 
S 0.24177062324368048 12 0 1 459 564 
S 0.9641699001268007 4 0 1 459 227 
S 1.2748392148646523 39 0 1 899 227 
B 2.3994752548330673 14 0 1 459 564 
B 1.4951751219672529 6 0 1 459 564 
B 0.9927329638408837 39 0 1 459 227 
S 0.2718186611956215 17 0 1 459 227 
S 2.3631020974272747 31 0 1 899 227 
B 0.1765471001273804 44 0 1 899 227 
B 0.7857273474858459 26 0 1 459 564 
B 0.8087022171173857 28 0 1 459 227 
S 1.0446084213169753 2 0 1 459 227 
S 1.7617646768721498 1 0 1 459 227 
B 1.9361896181938656 12 0 1 899 227 
B 0.22436649765175698 37 0 1 459 564 
S 0.40932958393881247 11 0 1 459 564 
S 0.38194824590561716 36 0 1 459 564 
B 0.5865883236266356 16 0 1 899 227 
S 0.022575387122763857 2 0 1 459 227 
B 0.43159446500826615 20 0 1 899 227 
S 1.353370918154777 2 0 1 899 227 
B 2.088531838431072 30 0 1 459 227 
B 0.8701971166023323 1 0 1 459 564 
S 1.0431895441778787 8 0 1 459 564 
B 1.6929321886466715 45 0 1 899 227 
S 0.9087820797840607 22 0 1 459 227 
B 3.2642181779545556 20 0 1 899 227 
S 2.056617410659963 39 0 1 459 227 
B 1.0420556712439852 3 0 1 459 227 
B 2.0332816569422754 13 0 1 459 227 
B 1.630156884277472 0 0 1 459 227 
B 2.6610896999895743 25 0 1 459 227 
S 0.34410924332934734 42 0 1 459 564 
S 1.4813635995253112 36 0 1 899 227 
B 0.6125504399417201 27 0 1 459 564 
B 0.7139938598116249 43 0 1 899 227 
B 1.3957986854265707 30 0 1 459 564 
S 0.6000479926435744 5 0 1 459 564 
B 0.1790105498280674 30 0 1 459 227 
B 0.8685158219389804 44 0 1 459 227 
B 1.1501988481942647 46 0 1 459 564 
S 1.5163636135499257 21 0 1 459 564 
B 0.040788154198038384 18 0 1 459 227 
B 0.38796636687949615 7 0 1 899 227 
S 1.1026100701045234 29 0 1 459 564 
S 1.1428375440105443 11 0 1 459 227 
B 0.9936111771512346 6 0 1 459 227 
B 0.004453478921068843 9 0 1 459 227 
S 0.10137934772950707 18 0 1 459 227 
S 0.8932599606648903 2 0 1 459 564 
S 1.1180152365833038 27 0 1 459 227 
S 0.9158949778424379 17 0 1 459 227 
B 0.017762537289442548 39 0 1 459 227 
B 0.28629873513404647 4 0 1 459 564 
S 0.5445778693612366 13 0 1 899 227 
S 1.3096793073188397 35 0 1 459 227 
S 1.0831742717992565 38 0 1 899 227 
S 0.7598979887309785 40 0 1 459 564 
S 0.003685139525908987 23 0 1 459 227 
B 1.4669941232370611 18 0 1 459 564 
B 1.1860372945243753 11 0 1 459 227 
B 0.3392263700377516 17 0 1 459 227 
B 0.7200227357491569 31 0 1 899 227 
S 0.9660420089581461 45 0 1 459 564 
S 1.1209584271282411 4 0 1 459 564 
B 0.6631407649479399 21 0 1 459 227 
B 0.19278916710573224 43 0 1 459 564 
B 0.5427324452715059 2 0 1 459 227 
B 0.6101847697524221 8 0 1 899 227 
B 0.6712811372158249 16 0 1 899 227 
B 0.6365810676231236 3 0 1 459 564 
S 0.41242521193677195 8 0 1 459 227 
B 0.7861030716080526 23 0 1 899 227 
S 0.3596468944493463 46 0 1 899 227 
B 2.537799423369222 18 0 1 459 564 
S 0.2363331193823095 25 0 1 459 564 
B 0.00475103059915849 27 0 1 459 227 
B 0.6765392266983818 13 0 1 899 227 
S 0.3752410269947992 19 0 1 899 227 
B 1.9730146016089503 5 0 1 459 564 
B 0.8650719882404818 15 0 1 459 227 
S 0.5119512403628699 22 0 1 899 227 
S 0.5206228435434941 23 0 1 459 564 
S 0.03536854903288411 15 0 1 459 227 
B 3.6274809227691724 14 0 1 899 227 
S 0.8968869254993379 40 0 1 459 564 
B 1.844221492253399 29 0 1 459 564 
S 1.0809258326633095 25 0 1 899 227 
S 0.7215400488377854 8 0 1 459 564 
S 0.5099589140312162 13 0 1 459 564 
S 0.15102367379837212 13 0 1 459 227 
S 1.80870030839497 45 0 1 459 564 
B 0.2802516438784597 43 0 1 459 564 
S 1.8659800887236804 17 0 1 459 564 
S 0.3251104897714354 35 0 1 459 564 
B 0.5348083776338814 31 0 1 459 564 
S 1.159705800770773 9 0 1 459 227 
S 1.1147163236142985 12 0 1 459 227 
B 2.4151545659224762 45 0 1 459 564 
S 0.45588330050844217 0 0 1 459 564 
B 0.7272072040488569 25 0 1 459 227 
S 0.4067094328076273 1 0 1 459 564 
S 0.5168786377783032 23 0 1 459 227 
B 3.0421490514632152 8 0 1 459 564 
S 1.5418946068798798 20 0 1 459 227 
S 0.03166276970438364 29 0 1 899 227 
B 0.4838543791060852 33 0 1 459 227 
B 0.12230621128076535 37 0 1 899 227 
S 0.8591682646153327 25 0 1 459 564 
B 0.6771342859678207 27 0 1 459 564 
S 0.14089212182909527 39 0 1 899 227 
S 1.1058010984489233 37 0 1 459 564 
S 0.36585156487736015 28 0 1 459 227 
B 0.19980126399670084 20 0 1 899 227 
S 0.9426529251403792 29 0 1 459 227 
S 0.7089915516783893 36 0 1 459 227 
B 1.4466657707617685 0 0 1 459 227 
B 0.011141184301271423 9 0 1 459 227 
S 0.17089741061966546 6 0 1 899 227 
S 0.3538709319982569 10 0 1 899 227 
S 0.7770912588813852 36 0 1 899 227 
B 0.7965565439157514 13 0 1 459 227 
B 0.858797423235413 3 0 1 459 227 
S 0.47009031095982046 29 0 1 459 227 
S 0.13855473142506458 46 0 1 899 227 
S 0.1954117039461627 33 0 1 459 227 
B 0.44773081518981517 17 0 1 899 227 
S 1.729743473250549 14 0 1 899 227 
S 1.45751082693892 25 0 1 459 227 
B 0.3828958160520486 23 0 1 899 227 
S 0.2848325807551486 35 0 1 459 564 
S 0.6073979504148159 10 0 1 459 227 
S 0.4414820788941629 43 0 1 459 564 
S 0.847434098392152 2 0 1 899 227 
S 0.1262791882980956 0 0 1 459 564 
B 0.4563889922465343 0 0 1 459 227 
S 0.28270170947942486 11 0 1 459 227 
S 2.0639738101995047 26 0 1 459 227 
S 1.3299156375856178 8 0 1 899 227 
B 0.661828022379936 8 0 1 459 564 
S 0.41407891747571224 41 0 1 459 227 
B 0.7037127735168278 13 0 1 459 227 
S 0.9156540353236409 31 0 1 459 227 
S 2.0768293139986653 44 0 1 459 564 
S 0.023380362308051517 11 0 1 459 227 
B 1.1907564343789536 9 0 1 459 227 
B 0.759255011652308 28 0 1 459 564 
B 2.9373344605903107 11 0 1 899 227 
B 0.3857660151899758 28 0 1 459 227 
B 0.39279784698886555 25 0 1 899 227 
B 0.4101936486373221 17 0 1 459 227 
S 0.5431029780625378 0 0 1 459 227 
S 0.8540982162778539 33 0 1 459 227 
B 0.7380528157747648 3 0 1 459 564 
S 0.2010480041402447 8 0 1 459 564 
B 0.41324037917375733 25 0 1 899 227 
B 2.421793234526964 32 0 1 459 227 
B 0.16550289168272592 34 0 1 459 227 
B 0.04573846252863767 40 0 1 899 227 
S 2.436706846102945 31 0 1 459 227 
S 0.42657490120426456 12 0 1 899 227 
B 0.18795632683291075 11 0 1 459 564 
B 0.007763172733055157 16 0 1 459 227 
S 0.2611538167065115 4 0 1 459 227 
B 0.021331622503342196 10 0 1 459 227 
B 0.6466272349691264 42 0 1 459 564 
B 0.384235661236624 27 0 1 459 227 
S 0.7188535525389472 3 0 1 459 227 
S 1.0688351141172934 7 0 1 459 227 
B 0.9274487815850883 31 0 1 459 564 
B 2.3337345947035892 9 0 1 459 227 
S 0.0912801339563325 46 0 1 459 227 
S 1.6410252240848724 2 0 1 459 227 
B 1.94420907463582 14 0 1 899 227 
S 0.036038204519747374 28 0 1 899 227 
B 1.976057329548107 19 0 1 459 227 
B 0.20098232251711323 0 0 1 459 227 
S 0.7117946464999809 11 0 1 459 227 
S 1.7311752131241773 29 0 1 459 227 
B 0.33735405681934605 16 0 1 899 227 
S 1.4564916374470034 28 0 1 459 564 
B 1.8116686226067866 18 0 1 899 227 
S 1.4790535091764854 18 0 1 459 227 
B 0.4601844349364299 34 0 1 459 227 
S 0.009110847563778002 26 0 1 899 227 
S 0.38907846831410353 26 0 1 459 227 
B 0.13907193464477174 34 0 1 459 227 
S 0.6956752787283245 38 0 1 459 227 
S 1.701083660122472 4 0 1 459 564 
S 1.2216547062322096 20 0 1 899 227 
S 0.8648476934484819 45 0 1 459 227 
B 3.36950790840183 41 0 1 459 227 
B 0.04444336113678027 46 0 1 459 227 
S 1.067651751632554 8 0 1 899 227 
S 0.785155165421096 26 0 1 459 227 
B 0.2619973435838334 28 0 1 899 227 
B 0.44636991950796023 13 0 1 459 227 
B 0.764772038005324 17 0 1 899 227 
B 0.049054545880884426 20 0 1 459 564 
B 0.04379441252003513 2 0 1 459 564 
S 1.2236253150628364 20 0 1 459 227 
S 0.34825321302141443 9 0 1 459 564 
B 0.7642042166353864 42 0 1 459 564 
B 0.01428267876189615 8 0 1 899 227 
B 0.8581031663739758 3 0 1 459 564 
S 2.354588228325963 20 0 1 459 564 
S 0.049268024455205506 22 0 1 459 564 
B 1.1887902307081921 7 0 1 459 564 
B 2.979605140700178 34 0 1 459 227 
S 1.1218860905944297 28 0 1 459 227 
S 0.2501397698500565 41 0 1 459 227 
S 0.395151890957699 17 0 1 459 227 
S 0.5134815066263565 20 0 1 459 564 
S 0.05397374476539696 14 0 1 459 564 
S 0.7395904717706063 20 0 1 459 227 
B 0.44482269909097116 38 0 1 899 227 
B 1.5486719904956852 34 0 1 459 227 
S 1.1352845630390451 18 0 1 459 564 
S 1.7223255555007801 9 0 1 459 564 
B 1.5475917152309489 42 0 1 459 564 
S 1.1429881433007791 16 0 1 459 227 
S 1.5084040290733665 36 0 1 459 564 
S 0.9390152846148423 18 0 1 899 227 
B 0.0773985788357745 18 0 1 899 227 
S 0.6945462115080261 36 0 1 459 564 
S 0.5401169632665361 28 0 1 459 227 
B 0.8901907485754492 37 0 1 459 227 
S 0.2850678791922059 34 0 1 899 227 
B 0.5274203900536927 20 0 1 899 227 
S 1.1160432758905268 45 0 1 459 564 
S 0.5244978396121533 45 0 1 459 227 
S 0.3947741352672507 6 0 1 459 227 
S 1.5569447236301688 14 0 1 459 227 
B 1.4754688260052333 23 0 1 459 227 
B 0.2321417468442215 26 0 1 459 227 
B 1.4697260723343524 16 0 1 459 227 
B 0.8479008705273499 33 0 1 459 227 
B 0.9146003589428773 1 0 1 459 564 
S 0.5851193173469724 38 0 1 459 564 
S 0.37368370376026583 4 0 1 899 227 
B 0.4664913666816686 30 0 1 459 564 
B 0.1927770673604252 16 0 1 459 564 
S 0.41506092116484794 25 0 1 459 227 
S 0.9130130474649238 31 0 1 459 227 
B 0.2638461460244299 38 0 1 459 564 
S 0.3536983188299745 36 0 1 459 227 
S 0.09362179355442457 42 0 1 899 227 
S 0.019650331032316615 21 0 1 899 227 
B 0.4977598257638727 16 0 1 459 564 
S 1.3584732691707888 20 0 1 459 227 
B 1.9598959297932765 22 0 1 459 227 
B 0.9933790619548031 20 0 1 459 227 
S 0.11706660526672774 31 0 1 899 227 
