S 2.3905982945741195 6 0 1 2 899 227 461 
S 1.005375374540752 23 0 1 2 459 227 461 
B 1.3525892679809788 1 0 1 2 459 564 481 
B 2.4949423538053246 0 0 1 2 459 227 461 
B 2.4802273734321476 42 0 1 2 459 227 461 
S 0.9557343448060376 17 0 1 2 459 227 461 
B 1.4950368467600885 20 0 1 2 459 227 461 
B 0.021469782712078 21 0 1 2 459 227 461 
S 0.27294715168915573 30 0 1 2 459 227 461 
B 1.5405759102186174 15 0 1 2 899 227 461 
S 1.6615067573738305 19 0 1 2 899 227 461 
S 0.2594958405346848 27 0 1 2 899 227 461 
S 1.044863152349139 27 0 1 2 459 227 461 
B 0.07882435674035726 8 0 1 2 899 227 461 
S 1.322243940039062 17 0 1 2 459 227 461 
S 0.0580294185942094 18 0 1 2 459 227 461 
B 0.09445324437727365 46 0 1 2 459 564 481 
S 0.15246261230556968 23 0 1 2 899 227 461 
B 0.7859080191045429 40 0 1 2 459 227 461 
S 0.32927244468861794 21 0 1 2 459 227 461 
B 0.44656396019899347 36 0 1 2 899 227 461 
S 0.7890034999495779 38 0 1 2 899 227 461 
S 1.078556033570079 2 0 1 2 899 227 461 
S 1.1188642331709575 23 0 1 2 459 227 461 
S 1.022946998641852 29 0 1 2 459 564 481 
B 0.49042731666157113 10 0 1 2 459 227 461 
B 0.4968541033841847 37 0 1 2 459 564 481 
B 1.372131505752101 31 0 1 2 459 227 461 
S 0.5715116147037609 11 0 1 2 459 227 461 
S 1.5846867737903603 7 0 1 2 459 564 481 
S 0.8150190274353015 33 0 1 2 459 227 461 
B 1.8120834984485308 18 0 1 2 459 227 461 
S 0.4136972355257509 23 0 1 2 459 227 461 
B 1.0995837306853673 0 0 1 2 459 227 461 
B 3.375594617501756 31 0 1 2 459 564 481 
B 0.9157951744480304 37 0 1 2 459 564 481 
S 0.2869049688381562 18 0 1 2 459 564 481 
S 1.5675662070233303 2 0 1 2 459 227 461 
S 1.1911913363743052 40 0 1 2 459 227 461 
S 0.8115040277562855 11 0 1 2 459 227 461 
B 0.6990866636404727 45 0 1 2 459 564 481 
B 0.4200152389377525 45 0 1 2 899 227 461 
S 0.8685400110436019 16 0 1 2 459 227 461 
B 0.3472231331255813 4 0 1 2 459 564 481 
S 2.936202939677655 15 0 1 2 899 227 461 
S 0.40670804102316893 9 0 1 2 459 227 461 
B 2.639548612873069 10 0 1 2 899 227 461 
S 0.2519963420622098 16 0 1 2 899 227 461 
S 0.6524586217314132 46 0 1 2 459 227 461 
B 0.4829922328242455 42 0 1 2 459 227 461 
S 0.03309685967087095 17 0 1 2 459 227 461 
S 0.6122260838680331 44 0 1 2 459 564 481 
B 1.5207582240949788 4 0 1 2 459 227 461 
B 0.5901595571902396 38 0 1 2 459 227 461 
S 0.3952694542717685 26 0 1 2 459 227 461 
B 0.7921374736537263 26 0 1 2 459 564 481 
B 0.4626131985490449 36 0 1 2 459 564 481 
S 1.5329248464270213 4 0 1 2 459 227 461 
S 0.18412536471212881 46 0 1 2 459 227 461 
B 3.4558165029850576 34 0 1 2 459 227 461 
S 0.7828063357067032 42 0 1 2 459 227 461 
S 1.2945524964154655 30 0 1 2 459 227 461 
B 1.4781087820336696 28 0 1 2 459 227 461 
S 1.2158996643308644 45 0 1 2 459 564 481 
S 0.5277055240336157 29 0 1 2 899 227 461 
S 0.8522989053861751 31 0 1 2 459 227 461 
S 1.1461827610858428 3 0 1 2 459 227 461 
S 0.6022040154421262 30 0 1 2 459 564 481 
S 1.823738193144968 15 0 1 2 459 227 461 
B 0.2685736807486352 15 0 1 2 899 227 461 
S 0.20833447857394738 11 0 1 2 459 227 461 
S 0.06593592677198323 3 0 1 2 459 227 461 
S 0.441786128420639 23 0 1 2 459 564 481 
B 1.1279583359293994 37 0 1 2 459 227 461 
S 0.9722875778279585 46 0 1 2 459 564 481 
S 0.30009221426200305 24 0 1 2 459 564 481 
S 0.9235018693414219 6 0 1 2 459 564 481 
B 0.5964613759494881 42 0 1 2 899 227 461 
S 0.558906288551773 35 0 1 2 459 564 481 
S 0.1916810937298754 7 0 1 2 899 227 461 
B 0.45778717319715856 3 0 1 2 899 227 461 
B 1.4391735706759468 25 0 1 2 459 564 481 
S 0.3017871428962744 15 0 1 2 459 227 461 
B 0.08054764206461673 26 0 1 2 459 227 461 
S 0.11747561570680887 12 0 1 2 459 564 481 
B 1.5475574353610648 28 0 1 2 459 227 461 
S 2.3154091600152764 30 0 1 2 459 227 461 
B 0.2835731386615157 23 0 1 2 459 227 461 
B 1.0429651697268154 42 0 1 2 459 564 481 
S 1.059336631445606 2 0 1 2 459 227 461 
B 0.8173902977096796 36 0 1 2 459 564 481 
B 0.8683758561708714 39 0 1 2 459 227 461 
S 0.20986449368774984 40 0 1 2 899 227 461 
B 0.5753557859037048 8 0 1 2 459 227 461 
S 1.041943413051147 2 0 1 2 899 227 461 
B 1.2213441147663682 24 0 1 2 459 227 461 
B 1.8719261064415518 37 0 1 2 459 564 481 
B 0.11269255516455168 45 0 1 2 459 227 461 
S 0.3989300534053255 32 0 1 2 459 227 461 
S 1.021738119514989 37 0 1 2 459 227 461 
B 0.020562769017387517 42 0 1 2 459 564 481 
B 1.0018344258411318 19 0 1 2 459 227 461 
S 1.100760899642185 0 0 1 2 459 227 461 
B 0.4947767696543828 28 0 1 2 459 564 481 
B 1.869216705465723 25 0 1 2 459 227 461 
B 0.2458313334514557 37 0 1 2 899 227 461 
S 0.17072025492793674 23 0 1 2 899 227 461 
S 0.5029926430446636 18 0 1 2 459 227 461 
B 0.005088316319115549 35 0 1 2 899 227 461 
S 1.6226360775249002 45 0 1 2 459 227 461 
S 0.1390766892945905 23 0 1 2 459 227 461 
B 0.9776601030604857 21 0 1 2 459 227 461 
S 0.1158327944269546 23 0 1 2 459 564 481 
B 0.15947836301642848 0 0 1 2 459 227 461 
B 1.9831102202301105 24 0 1 2 459 564 481 
S 0.7677618220817646 19 0 1 2 899 227 461 
S 0.3631107562756455 8 0 1 2 899 227 461 
S 0.1206938691446462 0 0 1 2 459 227 461 
B 0.13953444000463744 27 0 1 2 899 227 461 
S 1.3366044737937681 23 0 1 2 899 227 461 
B 1.747590589136764 29 0 1 2 459 227 461 
B 0.6808193056750618 36 0 1 2 899 227 461 
B 0.7842984475169308 28 0 1 2 459 227 461 
S 0.01390891674385486 25 0 1 2 459 227 461 
S 0.21124801926526793 2 0 1 2 899 227 461 
S 0.15083879013051948 16 0 1 2 459 564 481 
B 1.3632684171034288 44 0 1 2 459 564 481 
S 0.3169847229145555 28 0 1 2 459 227 461 
B 0.11598470901741464 3 0 1 2 899 227 461 
B 0.9928194393837071 24 0 1 2 459 564 481 
S 0.40549011432683546 33 0 1 2 459 564 481 
B 1.07661987732532 10 0 1 2 459 564 481 
B 1.0928435139515464 40 0 1 2 459 227 461 
S 1.0262140359463547 39 0 1 2 459 227 461 
S 1.4946554394978513 20 0 1 2 899 227 461 
B 2.3904137820349067 29 0 1 2 459 227 461 
S 0.8274861355377547 34 0 1 2 459 564 481 
B 1.0446843817867748 6 0 1 2 459 227 461 
S 0.41400367924944437 11 0 1 2 899 227 461 
S 1.5273411951661027 5 0 1 2 459 227 461 
S 1.7631623844772628 2 0 1 2 899 227 461 
B 1.8583651203428424 1 0 1 2 899 227 461 
B 0.1546032085633886 28 0 1 2 459 227 461 
S 0.01542791280735134 4 0 1 2 459 227 461 
S 1.2685820668407377 10 0 1 2 459 564 481 
B 1.2948845636398767 9 0 1 2 459 564 481 
S 0.3078248660256069 42 0 1 2 459 564 481 
B 2.627367567248032 40 0 1 2 459 227 461 
S 0.8933987678767155 18 0 1 2 899 227 461 
B 0.26808259494919806 42 0 1 2 459 227 461 
B 2.84855154996718 17 0 1 2 459 227 461 
S 0.26947136547632233 1 0 1 2 459 227 461 
B 0.6343952219312312 5 0 1 2 459 227 461 
S 0.43906306314383414 32 0 1 2 899 227 461 
S 0.32242294847815334 29 0 1 2 899 227 461 
S 0.286223471423682 2 0 1 2 899 227 461 
S 1.0292445561696626 28 0 1 2 899 227 461 
B 0.014489777661636616 16 0 1 2 459 227 461 
B 0.42171320698931414 31 0 1 2 899 227 461 
B 1.4261891560411595 35 0 1 2 459 227 461 
S 0.7171738352266956 40 0 1 2 459 564 481 
B 0.43934996219776323 38 0 1 2 459 227 461 
B 1.2865423349957679 24 0 1 2 459 227 461 
S 0.07445216534419341 41 0 1 2 459 227 461 
S 1.316335346427846 4 0 1 2 459 227 461 
B 0.627396717886854 6 0 1 2 899 227 461 
B 0.3316225378711595 14 0 1 2 459 227 461 
B 0.727793121284745 15 0 1 2 899 227 461 
B 2.734472560453786 4 0 1 2 459 564 481 
B 0.4676383944545721 33 0 1 2 899 227 461 
S 0.3760297675895359 42 0 1 2 459 564 481 
B 0.5558813879755107 17 0 1 2 459 564 481 
S 0.7184718734708841 27 0 1 2 459 227 461 
B 0.5771763176738691 14 0 1 2 459 227 461 
S 1.8519064330759774 24 0 1 2 459 227 461 
B 0.615008104085657 3 0 1 2 459 564 481 
B 1.4803146807221736 43 0 1 2 899 227 461 
S 1.3996454199506374 43 0 1 2 459 564 481 
B 0.9897485885607553 27 0 1 2 899 227 461 
B 0.36054457986053645 35 0 1 2 459 227 461 
S 1.894593468577665 21 0 1 2 899 227 461 
B 2.2485297723922884 6 0 1 2 899 227 461 
S 0.37131219449813546 8 0 1 2 459 227 461 
S 0.2283805657978899 25 0 1 2 459 227 461 
S 1.3007761139419314 24 0 1 2 459 227 461 
S 0.6248625602349325 8 0 1 2 459 564 481 
B 0.9452060205154433 39 0 1 2 459 564 481 
B 1.1201882041829014 28 0 1 2 899 227 461 
B 0.1143720938915882 31 0 1 2 899 227 461 
S 1.1222225438205928 34 0 1 2 899 227 461 
B 0.061273100378834044 9 0 1 2 899 227 461 
B 1.5427763866333715 22 0 1 2 459 227 461 
S 0.9976926676991047 1 0 1 2 459 564 481 
S 1.5360757187438017 14 0 1 2 459 564 481 
B 2.6523018828449176 14 0 1 2 899 227 461 
B 0.19967520101915692 25 0 1 2 899 227 461 
B 0.7626162963190684 25 0 1 2 899 227 461 
S 0.12248094679677823 29 0 1 2 459 227 461 
B 0.844831385156259 25 0 1 2 459 564 481 
S 1.5904442546591726 46 0 1 2 899 227 461 
S 0.2232226360953904 18 0 1 2 899 227 461 
B 1.0954219580843558 42 0 1 2 899 227 461 
S 0.2937341260641855 21 0 1 2 459 564 481 
S 1.4667548958514107 22 0 1 2 459 227 461 
B 0.7351720242524884 19 0 1 2 459 227 461 
B 1.528323807724001 27 0 1 2 459 227 461 
S 0.05170153392035104 34 0 1 2 459 564 481 
B 3.517824244325743 22 0 1 2 459 564 481 
S 1.0963655911502155 33 0 1 2 459 227 461 
B 0.6856750906590259 1 0 1 2 459 227 461 
B 0.13891776970899006 34 0 1 2 459 564 481 
S 0.1944832978682136 46 0 1 2 899 227 461 
B 0.1541646091749609 44 0 1 2 459 564 481 
S 1.7148890890652853 19 0 1 2 459 564 481 
S 0.15338396949091493 13 0 1 2 459 227 461 
S 0.30899382042919044 31 0 1 2 459 227 461 
B 0.5496788343156176 23 0 1 2 459 564 481 
S 0.8528940050082676 4 0 1 2 459 227 461 
S 1.3610610523694096 19 0 1 2 899 227 461 
B 0.0651067468955997 23 0 1 2 899 227 461 
B 1.342555978360216 35 0 1 2 459 227 461 
S 0.29327564604722767 30 0 1 2 899 227 461 
S 1.3900448618005745 25 0 1 2 459 227 461 
S 0.9935132122947801 12 0 1 2 459 564 481 
B 2.330243791002191 9 0 1 2 899 227 461 
S 0.44807347409429443 25 0 1 2 459 564 481 
B 0.004491494009576158 13 0 1 2 459 564 481 
S 0.9913103727367965 17 0 1 2 459 227 461 
S 1.0289526664331978 41 0 1 2 899 227 461 
B 0.7405708737179584 15 0 1 2 899 227 461 
S 0.9793222039556699 41 0 1 2 459 227 461 
S 0.1583646732131596 6 0 1 2 459 227 461 
S 1.3477546630361195 26 0 1 2 459 564 481 
S 1.0121563446246578 26 0 1 2 459 564 481 
B 0.14009643721454257 0 0 1 2 459 227 461 
B 0.1163071448117794 31 0 1 2 459 564 481 
S 0.1414329220799475 24 0 1 2 459 227 461 
S 0.9671583787006206 36 0 1 2 459 564 481 
S 0.3943982149135019 34 0 1 2 459 227 461 
S 1.0213766441168994 1 0 1 2 459 227 461 
B 1.3103515855906176 11 0 1 2 459 564 481 
B 1.1409414254654981 15 0 1 2 459 564 481 
S 0.6177166706797621 30 0 1 2 899 227 461 
S 1.320435781526026 19 0 1 2 899 227 461 
B 2.6445463733115346 26 0 1 2 459 564 481 
B 0.5184155218106117 29 0 1 2 459 564 481 
S 1.3571148406505742 8 0 1 2 459 227 461 
B 0.3350122787308676 12 0 1 2 459 564 481 
B 0.5426470119892821 4 0 1 2 459 227 461 
S 1.1771648103683763 39 0 1 2 899 227 461 
B 2.0897900091722903 14 0 1 2 459 564 481 
B 1.026266866322672 6 0 1 2 459 564 481 
B 0.40434090584991367 39 0 1 2 459 227 461 
S 0.320145138794536 17 0 1 2 459 227 461 
B 0.6143419850029259 31 0 1 2 899 227 461 
B 0.0004150014964316995 44 0 1 2 899 227 461 
B 0.12586512894053126 26 0 1 2 459 564 481 
B 0.09747793976047081 28 0 1 2 459 227 461 
S 0.4789130282785834 2 0 1 2 459 227 461 
S 0.24358649868099036 1 0 1 2 459 227 461 
S 0.9594622982134595 12 0 1 2 899 227 461 
B 0.5641422506275928 37 0 1 2 459 564 481 
S 0.989477034515418 11 0 1 2 459 564 481 
B 1.807998445057649 36 0 1 2 459 564 481 
S 0.35619778185250706 16 0 1 2 899 227 461 
B 0.634005573855501 2 0 1 2 459 227 461 
S 0.06375438311040682 20 0 1 2 899 227 461 
S 0.32612999289467126 2 0 1 2 899 227 461 
B 0.9008743228516867 30 0 1 2 459 227 461 
S 0.06945006518451091 1 0 1 2 459 564 481 
S 0.7716401828277535 8 0 1 2 459 564 481 
S 0.6557727034556926 45 0 1 2 899 227 461 
S 0.7188009112488709 22 0 1 2 459 227 461 
B 2.689393631413359 20 0 1 2 899 227 461 
S 2.4165118580987555 39 0 1 2 459 227 461 
B 0.19497263687762256 3 0 1 2 459 227 461 
B 1.37925703812168 13 0 1 2 459 227 461 
B 2.0443036551243665 0 0 1 2 459 227 461 
B 3.1772741611340978 25 0 1 2 459 227 461 
S 1.236708752487539 42 0 1 2 459 564 481 
S 0.08186906707177499 36 0 1 2 899 227 461 
B 1.3657320781755384 27 0 1 2 459 564 481 
B 1.3849592638736388 43 0 1 2 899 227 461 
S 0.14249939424106906 30 0 1 2 459 564 481 
B 2.074503292297778 5 0 1 2 459 564 481 
B 0.4204610502240289 30 0 1 2 459 227 461 
B 0.02355458732359761 44 0 1 2 459 227 461 
B 0.5840278112900705 46 0 1 2 459 564 481 
S 0.25478798047077955 21 0 1 2 459 564 481 
B 0.2387844225352529 18 0 1 2 459 227 461 
S 0.439237626051292 7 0 1 2 899 227 461 
S 0.8041363809655646 29 0 1 2 459 564 481 
B 0.6310142824696232 11 0 1 2 459 227 461 
B 0.31975433987449975 6 0 1 2 459 227 461 
S 0.17545159008553135 9 0 1 2 459 227 461 
B 0.7980143818705594 18 0 1 2 459 227 461 
B 0.5415362559790298 2 0 1 2 459 564 481 
S 1.4719078633956624 27 0 1 2 459 227 461 
S 0.027636991373928943 17 0 1 2 459 227 461 
S 0.7986693249275207 39 0 1 2 459 227 461 
B 1.2971789132868405 4 0 1 2 459 564 481 
B 0.04167634153195099 13 0 1 2 899 227 461 
S 1.9114873098498695 35 0 1 2 459 227 461 
S 1.5037453184694183 38 0 1 2 899 227 461 
S 1.4107926148861658 40 0 1 2 459 564 481 
B 0.034630920337512805 23 0 1 2 459 227 461 
B 0.9074423639425975 18 0 1 2 459 564 481 
S 1.1348360758804557 11 0 1 2 459 227 461 
B 0.9422186375020418 17 0 1 2 459 227 461 
B 1.6911739080162462 31 0 1 2 899 227 461 
S 0.40954421849416356 45 0 1 2 459 564 481 
B 1.0999122234024865 4 0 1 2 459 564 481 
B 0.22600126066688642 21 0 1 2 459 227 461 
B 0.010387675437045552 43 0 1 2 459 564 481 
S 0.19568840098243712 2 0 1 2 459 227 461 
S 0.9253019462875569 8 0 1 2 899 227 461 
S 0.419142950108232 16 0 1 2 899 227 461 
B 0.7308894745325727 3 0 1 2 459 564 481 
S 0.025649155716263472 8 0 1 2 459 227 461 
S 0.4528766089559646 23 0 1 2 899 227 461 
S 0.29361547854678083 46 0 1 2 899 227 461 
B 2.3161883796251805 18 0 1 2 459 564 481 
B 1.1760800626104313 25 0 1 2 459 564 481 
B 1.4578318212818644 27 0 1 2 459 227 461 
B 0.1588296194861174 13 0 1 2 899 227 461 
S 1.2130991860767129 19 0 1 2 899 227 461 
B 3.1921641502445173 5 0 1 2 459 564 481 
S 0.5553966091006339 15 0 1 2 459 227 461 
B 0.1700188130034439 22 0 1 2 899 227 461 
S 1.3375086137580947 23 0 1 2 459 564 481 
S 1.1447991033292526 15 0 1 2 459 227 461 
B 1.9143871136887283 14 0 1 2 899 227 461 
B 0.24956925840849387 40 0 1 2 459 564 481 
B 2.2612012340627183 29 0 1 2 459 564 481 
S 0.6738948589450464 25 0 1 2 899 227 461 
S 1.2366794290133534 8 0 1 2 459 564 481 
S 1.5726890205934243 13 0 1 2 459 564 481 
S 0.10680403373283998 13 0 1 2 459 227 461 
S 2.2510322486915406 45 0 1 2 459 564 481 
S 0.6536500050422669 43 0 1 2 459 564 481 
S 0.7819350057245273 17 0 1 2 459 564 481 
S 0.4937252917155872 35 0 1 2 459 564 481 
B 1.6643765472849257 31 0 1 2 459 564 481 
S 1.2834153148681882 9 0 1 2 459 227 461 
B 0.18395754597564284 12 0 1 2 459 227 461 
B 0.4409263194512345 45 0 1 2 459 564 481 
S 0.8968716440940492 0 0 1 2 459 564 481 
S 0.8400614863104945 25 0 1 2 459 227 461 
S 0.9600294517467507 1 0 1 2 459 564 481 
S 1.8760949334218502 23 0 1 2 459 227 461 
B 1.7823234867588384 8 0 1 2 459 564 481 
S 1.8373940003593017 20 0 1 2 459 227 461 
S 0.6866843943043204 29 0 1 2 899 227 461 
B 1.2649252703422755 33 0 1 2 459 227 461 
S 0.2582889394202139 37 0 1 2 899 227 461 
S 0.5834740060612598 25 0 1 2 459 564 481 
S 0.4970623795185931 27 0 1 2 459 564 481 
S 0.20994527162928556 39 0 1 2 899 227 461 
S 0.7539742803792766 37 0 1 2 459 564 481 
S 0.7497914929110863 28 0 1 2 459 227 461 
B 1.6198348917984289 20 0 1 2 899 227 461 
S 1.3548928644295755 29 0 1 2 459 227 461 
S 1.2686711597575133 36 0 1 2 459 227 461 
B 0.8739472794556038 0 0 1 2 459 227 461 
B 0.6730770555193004 9 0 1 2 459 227 461 
B 0.40879437655578155 6 0 1 2 899 227 461 
S 1.3358974689612344 10 0 1 2 899 227 461 
B 0.5990129872307994 36 0 1 2 899 227 461 
B 0.3524153590607826 13 0 1 2 459 227 461 
B 1.302689116390816 3 0 1 2 459 227 461 
S 0.9901428283476772 29 0 1 2 459 227 461 
S 1.1024196541300508 46 0 1 2 899 227 461 
B 0.5368955200813419 33 0 1 2 459 227 461 
B 0.8137637824991817 17 0 1 2 899 227 461 
B 0.5869405230579297 14 0 1 2 899 227 461 
S 0.8691336835463463 25 0 1 2 459 227 461 
B 2.5427569440674063 23 0 1 2 899 227 461 
S 0.13490665210004948 35 0 1 2 459 564 481 
B 0.6586846266753383 10 0 1 2 459 227 461 
S 0.1573446384820274 43 0 1 2 459 564 481 
S 1.7350975740571588 2 0 1 2 899 227 461 
S 1.9845792599776928 0 0 1 2 459 564 481 
S 0.3627413663600203 0 0 1 2 459 227 461 
S 1.3833710185905295 11 0 1 2 459 227 461 
S 1.6690942140217917 26 0 1 2 459 227 461 
S 1.013126341453873 8 0 1 2 899 227 461 
B 0.29522877697069294 8 0 1 2 459 564 481 
B 0.06140377563956001 41 0 1 2 459 227 461 
B 0.5765010893956211 13 0 1 2 459 227 461 
S 0.8221438448515537 31 0 1 2 459 227 461 
S 1.2256250087900549 44 0 1 2 459 564 481 
S 1.1445448600329051 11 0 1 2 459 227 461 
S 0.08742479553850124 9 0 1 2 459 227 461 
S 0.24358040864688046 28 0 1 2 459 564 481 
B 0.4947952073285169 11 0 1 2 899 227 461 
S 0.2974179683687943 28 0 1 2 459 227 461 
S 0.2788692475987089 25 0 1 2 899 227 461 
S 0.20920158978339565 17 0 1 2 459 227 461 
S 0.21835754225183557 0 0 1 2 459 227 461 
B 0.09560316701973015 33 0 1 2 459 227 461 
B 0.3423682595210735 3 0 1 2 459 564 481 
B 0.743945955547697 8 0 1 2 459 564 481 
B 0.7808389450367281 25 0 1 2 899 227 461 
B 3.12553914565893 32 0 1 2 459 227 461 
S 0.08232542941986942 34 0 1 2 459 227 461 
B 1.9635317919237547 40 0 1 2 899 227 461 
S 0.7452355886826778 31 0 1 2 459 227 461 
B 0.3782040679656058 12 0 1 2 899 227 461 
B 1.0963946948033652 11 0 1 2 459 564 481 
S 0.7069253722850171 16 0 1 2 459 227 461 
S 0.35116010529658137 4 0 1 2 459 227 461 
B 1.9364544877626795 10 0 1 2 459 227 461 
S 0.13776252019889146 42 0 1 2 459 564 481 
B 0.5320759221571993 27 0 1 2 459 227 461 
S 0.46905645977030286 3 0 1 2 459 227 461 
B 0.24212172109748042 7 0 1 2 459 227 461 
B 0.18784960896934955 31 0 1 2 459 564 481 
B 0.7472147353613066 9 0 1 2 459 227 461 
S 0.40379853907600083 46 0 1 2 459 227 461 
S 0.725594799046025 2 0 1 2 459 227 461 
B 2.2491901915510857 14 0 1 2 899 227 461 
S 0.08001173757019675 28 0 1 2 899 227 461 
B 0.2874390025023841 19 0 1 2 459 227 461 
B 1.4417040353176507 0 0 1 2 459 227 461 
S 0.6328509948886261 11 0 1 2 459 227 461 
S 0.951099707513742 29 0 1 2 459 227 461 
B 0.2293139503233137 16 0 1 2 899 227 461 
S 1.24274996937271 28 0 1 2 459 564 481 
B 0.17563789864840196 18 0 1 2 899 227 461 
S 0.4665726257903753 18 0 1 2 459 227 461 
B 1.4685229007459792 34 0 1 2 459 227 461 
B 0.42582271401409155 26 0 1 2 899 227 461 
S 0.5671686739808237 26 0 1 2 459 227 461 
B 0.6918550471234113 34 0 1 2 459 227 461 
S 0.779711894436864 38 0 1 2 459 227 461 
B 0.3592489528922238 4 0 1 2 459 564 481 
S 0.547809597947488 20 0 1 2 899 227 461 
S 0.6418825342721437 45 0 1 2 459 227 461 
B 2.880642692604379 41 0 1 2 459 227 461 
S 1.2068580474253823 46 0 1 2 459 227 461 
S 0.31748984067878805 8 0 1 2 899 227 461 
S 0.5531701073994126 26 0 1 2 459 227 461 
B 1.2428313731897083 28 0 1 2 899 227 461 
B 0.4633325455565185 13 0 1 2 459 227 461 
B 0.7377983322692527 17 0 1 2 899 227 461 
B 0.673620932976231 20 0 1 2 459 564 481 
S 0.20996841276242417 2 0 1 2 459 564 481 
S 1.1803934651461967 20 0 1 2 459 227 461 
B 1.5887394683834852 9 0 1 2 459 564 481 
B 0.07696041604305659 42 0 1 2 459 564 481 
B 0.8126838447256075 8 0 1 2 899 227 461 
S 0.553395634182392 3 0 1 2 459 564 481 
S 0.08764837329055908 20 0 1 2 459 564 481 
S 0.8673109626333781 22 0 1 2 459 564 481 
B 0.7584747232460423 7 0 1 2 459 564 481 
B 2.4883992667030004 34 0 1 2 459 227 461 
S 0.42488393541473535 28 0 1 2 459 227 461 
S 1.5985573990194943 41 0 1 2 459 227 461 
B 0.7785599721199761 17 0 1 2 459 227 461 
B 0.47217908958343546 20 0 1 2 459 564 481 
S 0.3060697087107922 14 0 1 2 459 564 481 
S 1.2840580116121814 20 0 1 2 459 227 461 
B 0.21230667895525723 38 0 1 2 899 227 461 
B 0.10156577517423404 34 0 1 2 459 227 461 
S 0.3909254736461687 18 0 1 2 459 564 481 
B 2.305358793224854 9 0 1 2 459 564 481 
B 2.650630952148056 42 0 1 2 459 564 481 
B 0.3133312582290042 16 0 1 2 459 227 461 
S 1.7859015209736526 36 0 1 2 459 564 481 
S 0.7258315275175651 18 0 1 2 899 227 461 
S 0.12032511558838088 18 0 1 2 899 227 461 
S 1.8818189683921638 36 0 1 2 459 564 481 
B 0.1771272380288531 28 0 1 2 459 227 461 
B 1.1639296615309735 37 0 1 2 459 227 461 
S 1.5057301448625298 34 0 1 2 899 227 461 
B 2.0681708687307436 20 0 1 2 899 227 461 
S 0.0380495541813719 45 0 1 2 459 564 481 
S 0.9543534023791471 45 0 1 2 459 227 461 
B 0.47968625319771707 6 0 1 2 459 227 461 
S 1.5838366927242706 14 0 1 2 459 227 461 
S 0.8427620788123908 23 0 1 2 459 227 461 
B 0.5467583370943467 26 0 1 2 459 227 461 
S 0.4035057496837853 16 0 1 2 459 227 461 
B 1.0906701918615154 33 0 1 2 459 227 461 
B 2.157115811208306 1 0 1 2 459 564 481 
B 0.8332401352597678 38 0 1 2 459 564 481 
B 0.4663014382846189 4 0 1 2 899 227 461 
B 0.6568216919168801 30 0 1 2 459 564 481 
S 0.9860909190186469 16 0 1 2 459 564 481 
S 0.8214884509908167 25 0 1 2 459 227 461 
S 1.1030249467327575 31 0 1 2 459 227 461 
B 0.3513282855692612 38 0 1 2 459 564 481 
B 0.7367929106989193 36 0 1 2 459 227 461 
S 0.34933049794641136 42 0 1 2 899 227 461 
B 0.40636229205598884 21 0 1 2 899 227 461 
B 0.4133906731095678 16 0 1 2 459 564 481 
S 1.3668399315601167 20 0 1 2 459 227 461 
B 3.5064459576887845 22 0 1 2 459 227 461 
S 0.010046626219539334 20 0 1 2 459 227 461 
B 0.6612472115542003 31 0 1 2 899 227 461 
