6 1 2 3 5 227 461 376 143 
11 0 1 2 3 4 5 459 227 461 376 225 143 
37 0 1 2 3 4 5 459 227 461 376 225 143 
20 0 2 4 5 459 481 225 375 
20 0 2 4 5 459 481 225 375 
44 0 2 4 5 459 481 225 375 
1 1 2 3 5 227 461 376 143 
17 0 1 2 3 4 5 459 227 461 376 225 143 
10 0 1 2 3 4 5 459 227 461 376 225 143 
10 0 1 2 3 4 5 459 227 461 376 225 143 
1 1 2 3 5 227 461 376 143 
30 0 1 2 3 4 5 459 227 461 376 225 143 
5 0 1 2 3 4 5 459 227 461 376 225 143 
44 0 1 2 3 4 5 459 227 461 376 225 143 
14 1 2 3 5 227 461 376 143 
39 1 2 3 5 227 461 376 143 
1 0 1 2 3 4 5 459 227 461 376 225 143 
8 1 2 3 5 227 461 376 143 
31 0 1 2 3 4 5 459 227 461 376 225 143 
36 0 2 4 5 459 481 225 375 
23 0 1 2 3 4 5 459 227 461 376 225 143 
46 0 2 4 5 459 481 225 375 
8 1 2 3 5 227 461 376 143 
36 1 2 3 5 227 461 376 143 
10 1 2 3 5 227 461 376 143 
27 0 1 2 3 4 5 459 227 461 376 225 143 
44 0 1 2 3 4 5 459 227 461 376 225 143 
41 1 2 3 5 227 461 376 143 
24 0 2 4 5 459 481 225 375 
2 1 2 3 5 227 461 376 143 
9 0 2 4 5 459 481 225 375 
16 0 1 2 3 4 5 459 227 461 376 225 143 
28 0 1 2 3 4 5 459 227 461 376 225 143 
8 1 2 3 5 227 461 376 143 
37 1 2 3 5 227 461 376 143 
11 1 2 3 5 227 461 376 143 
3 0 1 2 3 4 5 459 227 461 376 225 143 
11 0 1 2 3 4 5 459 227 461 376 225 143 
3 0 1 2 3 4 5 459 227 461 376 225 143 
12 0 2 4 5 459 481 225 375 
15 0 1 2 3 4 5 459 227 461 376 225 143 
19 0 1 2 3 4 5 459 227 461 376 225 143 
23 0 1 2 3 4 5 459 227 461 376 225 143 
0 0 1 2 3 4 5 459 227 461 376 225 143 
7 1 2 3 5 227 461 376 143 
25 0 1 2 3 4 5 459 227 461 376 225 143 
24 0 1 2 3 4 5 459 227 461 376 225 143 
27 0 1 2 3 4 5 459 227 461 376 225 143 
14 1 2 3 5 227 461 376 143 
14 0 2 4 5 459 481 225 375 
44 0 2 4 5 459 481 225 375 
11 0 1 2 3 4 5 459 227 461 376 225 143 
38 1 2 3 5 227 461 376 143 
8 1 2 3 5 227 461 376 143 
33 0 2 4 5 459 481 225 375 
16 0 1 2 3 4 5 459 227 461 376 225 143 
9 0 1 2 3 4 5 459 227 461 376 225 143 
23 0 1 2 3 4 5 459 227 461 376 225 143 
0 0 1 2 3 4 5 459 227 461 376 225 143 
36 0 1 2 3 4 5 459 227 461 376 225 143 
39 0 2 4 5 459 481 225 375 
41 0 2 4 5 459 481 225 375 
46 0 1 2 3 4 5 459 227 461 376 225 143 
7 0 2 4 5 459 481 225 375 
35 1 2 3 5 227 461 376 143 
17 0 1 2 3 4 5 459 227 461 376 225 143 
28 1 2 3 5 227 461 376 143 
6 0 2 4 5 459 481 225 375 
1 0 1 2 3 4 5 459 227 461 376 225 143 
38 0 1 2 3 4 5 459 227 461 376 225 143 
17 0 2 4 5 459 481 225 375 
3 0 1 2 3 4 5 459 227 461 376 225 143 
43 0 1 2 3 4 5 459 227 461 376 225 143 
38 0 1 2 3 4 5 459 227 461 376 225 143 
5 0 2 4 5 459 481 225 375 
11 0 2 4 5 459 481 225 375 
5 0 1 2 3 4 5 459 227 461 376 225 143 
4 0 2 4 5 459 481 225 375 
45 0 2 4 5 459 481 225 375 
11 0 1 2 3 4 5 459 227 461 376 225 143 
1 0 1 2 3 4 5 459 227 461 376 225 143 
28 0 1 2 3 4 5 459 227 461 376 225 143 
42 1 2 3 5 227 461 376 143 
5 0 1 2 3 4 5 459 227 461 376 225 143 
25 1 2 3 5 227 461 376 143 
12 0 2 4 5 459 481 225 375 
11 0 1 2 3 4 5 459 227 461 376 225 143 
21 1 2 3 5 227 461 376 143 
44 0 1 2 3 4 5 459 227 461 376 225 143 
14 1 2 3 5 227 461 376 143 
14 0 1 2 3 4 5 459 227 461 376 225 143 
28 0 1 2 3 4 5 459 227 461 376 225 143 
3 0 2 4 5 459 481 225 375 
3 0 2 4 5 459 481 225 375 
37 0 1 2 3 4 5 459 227 461 376 225 143 
23 0 2 4 5 459 481 225 375 
44 0 1 2 3 4 5 459 227 461 376 225 143 
38 0 1 2 3 4 5 459 227 461 376 225 143 
43 0 1 2 3 4 5 459 227 461 376 225 143 
42 0 1 2 3 4 5 459 227 461 376 225 143 
37 1 2 3 5 227 461 376 143 
35 0 2 4 5 459 481 225 375 
20 0 1 2 3 4 5 459 227 461 376 225 143 
11 0 1 2 3 4 5 459 227 461 376 225 143 
25 1 2 3 5 227 461 376 143 
21 0 1 2 3 4 5 459 227 461 376 225 143 
1 0 2 4 5 459 481 225 375 
26 0 1 2 3 4 5 459 227 461 376 225 143 
5 0 1 2 3 4 5 459 227 461 376 225 143 
18 0 2 4 5 459 481 225 375 
0 1 2 3 5 227 461 376 143 
30 0 1 2 3 4 5 459 227 461 376 225 143 
11 0 1 2 3 4 5 459 227 461 376 225 143 
19 1 2 3 5 227 461 376 143 
43 0 1 2 3 4 5 459 227 461 376 225 143 
3 1 2 3 5 227 461 376 143 
7 1 2 3 5 227 461 376 143 
14 1 2 3 5 227 461 376 143 
17 1 2 3 5 227 461 376 143 
27 1 2 3 5 227 461 376 143 
45 0 2 4 5 459 481 225 375 
11 0 1 2 3 4 5 459 227 461 376 225 143 
2 1 2 3 5 227 461 376 143 
16 0 2 4 5 459 481 225 375 
34 0 1 2 3 4 5 459 227 461 376 225 143 
29 0 1 2 3 4 5 459 227 461 376 225 143 
6 1 2 3 5 227 461 376 143 
31 0 2 4 5 459 481 225 375 
43 0 2 4 5 459 481 225 375 
37 0 1 2 3 4 5 459 227 461 376 225 143 
5 1 2 3 5 227 461 376 143 
5 0 2 4 5 459 481 225 375 
5 0 1 2 3 4 5 459 227 461 376 225 143 
0 0 1 2 3 4 5 459 227 461 376 225 143 
29 1 2 3 5 227 461 376 143 
9 0 1 2 3 4 5 459 227 461 376 225 143 
27 0 1 2 3 4 5 459 227 461 376 225 143 
38 1 2 3 5 227 461 376 143 
23 1 2 3 5 227 461 376 143 
26 0 1 2 3 4 5 459 227 461 376 225 143 
37 0 1 2 3 4 5 459 227 461 376 225 143 
45 1 2 3 5 227 461 376 143 
6 1 2 3 5 227 461 376 143 
14 0 2 4 5 459 481 225 375 
24 0 1 2 3 4 5 459 227 461 376 225 143 
14 0 1 2 3 4 5 459 227 461 376 225 143 
23 0 2 4 5 459 481 225 375 
9 0 1 2 3 4 5 459 227 461 376 225 143 
41 1 2 3 5 227 461 376 143 
46 0 1 2 3 4 5 459 227 461 376 225 143 
34 0 2 4 5 459 481 225 375 
8 1 2 3 5 227 461 376 143 
16 0 1 2 3 4 5 459 227 461 376 225 143 
19 1 2 3 5 227 461 376 143 
34 1 2 3 5 227 461 376 143 
23 1 2 3 5 227 461 376 143 
30 0 2 4 5 459 481 225 375 
29 1 2 3 5 227 461 376 143 
36 1 2 3 5 227 461 376 143 
38 0 2 4 5 459 481 225 375 
12 1 2 3 5 227 461 376 143 
25 0 1 2 3 4 5 459 227 461 376 225 143 
21 0 1 2 3 4 5 459 227 461 376 225 143 
19 0 1 2 3 4 5 459 227 461 376 225 143 
23 1 2 3 5 227 461 376 143 
18 1 2 3 5 227 461 376 143 
9 0 1 2 3 4 5 459 227 461 376 225 143 
3 1 2 3 5 227 461 376 143 
17 1 2 3 5 227 461 376 143 
7 1 2 3 5 227 461 376 143 
38 0 1 2 3 4 5 459 227 461 376 225 143 
26 0 1 2 3 4 5 459 227 461 376 225 143 
15 0 1 2 3 4 5 459 227 461 376 225 143 
39 0 1 2 3 4 5 459 227 461 376 225 143 
14 0 1 2 3 4 5 459 227 461 376 225 143 
8 0 2 4 5 459 481 225 375 
45 0 1 2 3 4 5 459 227 461 376 225 143 
28 0 1 2 3 4 5 459 227 461 376 225 143 
6 0 2 4 5 459 481 225 375 
35 0 1 2 3 4 5 459 227 461 376 225 143 
14 0 1 2 3 4 5 459 227 461 376 225 143 
4 0 1 2 3 4 5 459 227 461 376 225 143 
41 0 1 2 3 4 5 459 227 461 376 225 143 
38 1 2 3 5 227 461 376 143 
16 0 2 4 5 459 481 225 375 
32 0 1 2 3 4 5 459 227 461 376 225 143 
17 0 1 2 3 4 5 459 227 461 376 225 143 
21 0 2 4 5 459 481 225 375 
33 0 1 2 3 4 5 459 227 461 376 225 143 
46 0 1 2 3 4 5 459 227 461 376 225 143 
15 0 1 2 3 4 5 459 227 461 376 225 143 
18 1 2 3 5 227 461 376 143 
7 0 2 4 5 459 481 225 375 
6 0 2 4 5 459 481 225 375 
17 0 1 2 3 4 5 459 227 461 376 225 143 
42 0 1 2 3 4 5 459 227 461 376 225 143 
2 0 1 2 3 4 5 459 227 461 376 225 143 
1 1 2 3 5 227 461 376 143 
32 1 2 3 5 227 461 376 143 
18 1 2 3 5 227 461 376 143 
30 0 1 2 3 4 5 459 227 461 376 225 143 
27 0 1 2 3 4 5 459 227 461 376 225 143 
24 0 1 2 3 4 5 459 227 461 376 225 143 
9 0 2 4 5 459 481 225 375 
31 1 2 3 5 227 461 376 143 
33 0 2 4 5 459 481 225 375 
45 0 1 2 3 4 5 459 227 461 376 225 143 
40 0 1 2 3 4 5 459 227 461 376 225 143 
22 0 1 2 3 4 5 459 227 461 376 225 143 
24 0 1 2 3 4 5 459 227 461 376 225 143 
33 0 2 4 5 459 481 225 375 
24 0 1 2 3 4 5 459 227 461 376 225 143 
1 0 1 2 3 4 5 459 227 461 376 225 143 
6 1 2 3 5 227 461 376 143 
40 0 1 2 3 4 5 459 227 461 376 225 143 
26 0 1 2 3 4 5 459 227 461 376 225 143 
44 0 2 4 5 459 481 225 375 
30 0 1 2 3 4 5 459 227 461 376 225 143 
39 1 2 3 5 227 461 376 143 
42 0 2 4 5 459 481 225 375 
7 0 1 2 3 4 5 459 227 461 376 225 143 
16 0 2 4 5 459 481 225 375 
38 0 2 4 5 459 481 225 375 
14 0 1 2 3 4 5 459 227 461 376 225 143 
23 0 2 4 5 459 481 225 375 
42 0 1 2 3 4 5 459 227 461 376 225 143 
46 0 1 2 3 4 5 459 227 461 376 225 143 
45 1 2 3 5 227 461 376 143 
43 0 2 4 5 459 481 225 375 
24 1 2 3 5 227 461 376 143 
36 1 2 3 5 227 461 376 143 
16 1 2 3 5 227 461 376 143 
18 0 1 2 3 4 5 459 227 461 376 225 143 
7 0 1 2 3 4 5 459 227 461 376 225 143 
42 0 1 2 3 4 5 459 227 461 376 225 143 
2 0 1 2 3 4 5 459 227 461 376 225 143 
5 0 1 2 3 4 5 459 227 461 376 225 143 
3 0 1 2 3 4 5 459 227 461 376 225 143 
8 0 2 4 5 459 481 225 375 
17 1 2 3 5 227 461 376 143 
13 1 2 3 5 227 461 376 143 
40 0 2 4 5 459 481 225 375 
31 1 2 3 5 227 461 376 143 
37 1 2 3 5 227 461 376 143 
46 0 1 2 3 4 5 459 227 461 376 225 143 
36 0 2 4 5 459 481 225 375 
18 1 2 3 5 227 461 376 143 
27 0 1 2 3 4 5 459 227 461 376 225 143 
8 0 1 2 3 4 5 459 227 461 376 225 143 
5 0 1 2 3 4 5 459 227 461 376 225 143 
45 1 2 3 5 227 461 376 143 
25 1 2 3 5 227 461 376 143 
38 0 2 4 5 459 481 225 375 
29 0 1 2 3 4 5 459 227 461 376 225 143 
27 1 2 3 5 227 461 376 143 
7 1 2 3 5 227 461 376 143 
34 0 2 4 5 459 481 225 375 
18 1 2 3 5 227 461 376 143 
31 1 2 3 5 227 461 376 143 
39 0 1 2 3 4 5 459 227 461 376 225 143 
17 0 2 4 5 459 481 225 375 
15 0 1 2 3 4 5 459 227 461 376 225 143 
19 0 1 2 3 4 5 459 227 461 376 225 143 
40 0 2 4 5 459 481 225 375 
46 0 1 2 3 4 5 459 227 461 376 225 143 
32 0 1 2 3 4 5 459 227 461 376 225 143 
33 0 1 2 3 4 5 459 227 461 376 225 143 
4 0 1 2 3 4 5 459 227 461 376 225 143 
1 0 1 2 3 4 5 459 227 461 376 225 143 
18 1 2 3 5 227 461 376 143 
4 1 2 3 5 227 461 376 143 
25 0 2 4 5 459 481 225 375 
44 0 2 4 5 459 481 225 375 
25 0 1 2 3 4 5 459 227 461 376 225 143 
12 0 1 2 3 4 5 459 227 461 376 225 143 
40 1 2 3 5 227 461 376 143 
4 0 1 2 3 4 5 459 227 461 376 225 143 
23 0 2 4 5 459 481 225 375 
40 0 1 2 3 4 5 459 227 461 376 225 143 
9 0 2 4 5 459 481 225 375 
41 0 2 4 5 459 481 225 375 
23 1 2 3 5 227 461 376 143 
10 0 2 4 5 459 481 225 375 
22 0 1 2 3 4 5 459 227 461 376 225 143 
43 0 2 4 5 459 481 225 375 
25 0 1 2 3 4 5 459 227 461 376 225 143 
10 0 1 2 3 4 5 459 227 461 376 225 143 
6 0 1 2 3 4 5 459 227 461 376 225 143 
45 1 2 3 5 227 461 376 143 
6 0 1 2 3 4 5 459 227 461 376 225 143 
12 0 1 2 3 4 5 459 227 461 376 225 143 
15 0 2 4 5 459 481 225 375 
41 1 2 3 5 227 461 376 143 
2 0 1 2 3 4 5 459 227 461 376 225 143 
38 0 2 4 5 459 481 225 375 
23 0 1 2 3 4 5 459 227 461 376 225 143 
12 0 1 2 3 4 5 459 227 461 376 225 143 
26 0 2 4 5 459 481 225 375 
9 1 2 3 5 227 461 376 143 
19 0 1 2 3 4 5 459 227 461 376 225 143 
