0 2 4 5 459 481 225 375 
0 1 2 3 4 5 459 227 461 376 225 143 
0 2 4 5 7 8 10 459 481 225 375 386 478 320 
1 2 3 5 227 461 376 143 
1 2 3 5 227 461 376 143 
0 1 2 3 4 5 459 227 461 376 225 143 
1 2 3 5 7 8 10 227 461 376 143 386 478 320 
1 2 3 5 6 7 8 9 10 227 461 376 143 476 344 326 158 320 
1 2 3 5 227 461 376 143 
6 7 8 9 10 476 344 326 158 320 
0 2 4 5 6 7 8 9 10 459 481 225 375 476 344 326 158 320 
1 2 3 5 6 7 8 9 10 227 461 376 143 476 344 326 158 320 
6 7 8 9 10 476 344 326 158 320 
1 2 3 5 7 8 10 227 461 376 143 386 478 320 
1 2 3 5 6 7 8 9 10 227 461 376 143 476 344 326 158 320 
1 2 3 5 6 7 8 9 227 461 376 143 476 344 326 158 
0 1 2 3 4 5 6 7 8 9 459 227 461 376 225 143 476 344 326 158 
8 10 7 478 320 386 
0 2 4 5 6 7 8 9 459 481 225 375 476 344 326 158 
1 2 3 5 7 8 10 227 461 376 143 386 478 320 
0 1 2 3 4 5 459 227 461 376 225 143 
8 9 6 7 326 158 476 344 
0 1 2 3 4 5 7 8 10 459 227 461 376 225 143 386 478 320 
1 2 3 5 7 8 10 227 461 376 143 386 478 320 
0 2 4 5 6 7 8 9 10 459 481 225 375 476 344 326 158 320 
0 2 4 5 6 7 8 9 10 459 481 225 375 476 344 326 158 320 
1 2 3 5 227 461 376 143 
0 1 2 3 4 5 6 7 8 9 459 227 461 376 225 143 476 344 326 158 
0 1 2 3 4 5 459 227 461 376 225 143 
0 2 4 5 6 7 8 9 459 481 225 375 476 344 326 158 
1 2 3 5 227 461 376 143 
8 9 6 7 326 158 476 344 
0 2 4 5 7 8 10 459 481 225 375 386 478 320 
1 2 3 5 227 461 376 143 
0 2 4 5 6 7 8 9 459 481 225 375 476 344 326 158 
1 2 3 5 6 7 8 9 227 461 376 143 476 344 326 158 
1 2 3 5 227 461 376 143 
1 2 3 5 6 7 8 9 227 461 376 143 476 344 326 158 
0 2 4 5 459 481 225 375 
0 2 4 5 459 481 225 375 
0 1 2 3 4 5 7 8 10 459 227 461 376 225 143 386 478 320 
8 9 6 7 326 158 476 344 
1 2 3 5 227 461 376 143 
1 2 3 5 6 7 8 9 10 227 461 376 143 476 344 326 158 320 
0 1 2 3 4 5 7 8 10 459 227 461 376 225 143 386 478 320 
6 7 8 9 10 476 344 326 158 320 
0 2 4 5 6 7 8 9 459 481 225 375 476 344 326 158 
1 2 3 5 227 461 376 143 
1 2 3 5 7 8 10 227 461 376 143 386 478 320 
0 1 2 3 4 5 7 8 10 459 227 461 376 225 143 386 478 320 
8 10 7 478 320 386 
8 9 6 7 326 158 476 344 
0 1 2 3 4 5 6 7 8 9 459 227 461 376 225 143 476 344 326 158 
0 1 2 3 4 5 6 7 8 9 459 227 461 376 225 143 476 344 326 158 
0 1 2 3 4 5 6 7 8 9 459 227 461 376 225 143 476 344 326 158 
0 2 4 5 7 8 10 459 481 225 375 386 478 320 
1 2 3 5 6 7 8 9 227 461 376 143 476 344 326 158 
0 2 4 5 6 7 8 9 459 481 225 375 476 344 326 158 
1 2 3 5 6 7 8 9 10 227 461 376 143 476 344 326 158 320 
0 1 2 3 4 5 6 7 8 9 459 227 461 376 225 143 476 344 326 158 
0 1 2 3 4 5 7 8 10 459 227 461 376 225 143 386 478 320 
0 2 4 5 6 7 8 9 459 481 225 375 476 344 326 158 
0 1 2 3 4 5 6 7 8 9 459 227 461 376 225 143 476 344 326 158 
0 2 4 5 459 481 225 375 
1 2 3 5 7 8 10 227 461 376 143 386 478 320 
1 2 3 5 7 8 10 227 461 376 143 386 478 320 
8 9 6 7 326 158 476 344 
8 10 7 478 320 386 
1 2 3 5 7 8 10 227 461 376 143 386 478 320 
0 1 2 3 4 5 459 227 461 376 225 143 
0 1 2 3 4 5 6 7 8 9 459 227 461 376 225 143 476 344 326 158 
1 2 3 5 227 461 376 143 
0 1 2 3 4 5 6 7 8 9 459 227 461 376 225 143 476 344 326 158 
1 2 3 5 6 7 8 9 10 227 461 376 143 476 344 326 158 320 
1 2 3 5 6 7 8 9 10 227 461 376 143 476 344 326 158 320 
0 2 4 5 459 481 225 375 
0 2 4 5 459 481 225 375 
1 2 3 5 7 8 10 227 461 376 143 386 478 320 
0 2 4 5 7 8 10 459 481 225 375 386 478 320 
0 1 2 3 4 5 459 227 461 376 225 143 
0 2 4 5 6 7 8 9 10 459 481 225 375 476 344 326 158 320 
1 2 3 5 227 461 376 143 
8 9 6 7 326 158 476 344 
0 1 2 3 4 5 459 227 461 376 225 143 
1 2 3 5 227 461 376 143 
0 2 4 5 7 8 10 459 481 225 375 386 478 320 
0 1 2 3 4 5 459 227 461 376 225 143 
0 2 4 5 6 7 8 9 10 459 481 225 375 476 344 326 158 320 
0 1 2 3 4 5 459 227 461 376 225 143 
0 1 2 3 4 5 6 7 8 9 459 227 461 376 225 143 476 344 326 158 
0 2 4 5 459 481 225 375 
0 2 4 5 7 8 10 459 481 225 375 386 478 320 
8 10 7 478 320 386 
6 7 8 9 10 476 344 326 158 320 
0 2 4 5 6 7 8 9 10 459 481 225 375 476 344 326 158 320 
8 10 7 478 320 386 
1 2 3 5 6 7 8 9 10 227 461 376 143 476 344 326 158 320 
1 2 3 5 6 7 8 9 10 227 461 376 143 476 344 326 158 320 
0 1 2 3 4 5 6 7 8 9 459 227 461 376 225 143 476 344 326 158 
0 1 2 3 4 5 459 227 461 376 225 143 
0 2 4 5 7 8 10 459 481 225 375 386 478 320 
0 2 4 5 6 7 8 9 459 481 225 375 476 344 326 158 
0 1 2 3 4 5 6 7 8 9 459 227 461 376 225 143 476 344 326 158 
0 2 4 5 459 481 225 375 
1 2 3 5 6 7 8 9 227 461 376 143 476 344 326 158 
0 1 2 3 4 5 459 227 461 376 225 143 
1 2 3 5 6 7 8 9 10 227 461 376 143 476 344 326 158 320 
0 1 2 3 4 5 459 227 461 376 225 143 
1 2 3 5 6 7 8 9 227 461 376 143 476 344 326 158 
0 1 2 3 4 5 7 8 10 459 227 461 376 225 143 386 478 320 
0 1 2 3 4 5 7 8 10 459 227 461 376 225 143 386 478 320 
8 9 6 7 326 158 476 344 
1 2 3 5 6 7 8 9 10 227 461 376 143 476 344 326 158 320 
8 10 7 478 320 386 
0 1 2 3 4 5 6 7 8 9 459 227 461 376 225 143 476 344 326 158 
0 2 4 5 6 7 8 9 10 459 481 225 375 476 344 326 158 320 
6 7 8 9 10 476 344 326 158 320 
1 2 3 5 227 461 376 143 
0 1 2 3 4 5 459 227 461 376 225 143 
8 10 7 478 320 386 
0 2 4 5 6 7 8 9 10 459 481 225 375 476 344 326 158 320 
6 7 8 9 10 476 344 326 158 320 
1 2 3 5 6 7 8 9 227 461 376 143 476 344 326 158 
0 2 4 5 459 481 225 375 
1 2 3 5 7 8 10 227 461 376 143 386 478 320 
0 2 4 5 6 7 8 9 459 481 225 375 476 344 326 158 
0 1 2 3 4 5 459 227 461 376 225 143 
8 10 7 478 320 386 
0 1 2 3 4 5 459 227 461 376 225 143 
1 2 3 5 6 7 8 9 227 461 376 143 476 344 326 158 
8 9 6 7 326 158 476 344 
1 2 3 5 227 461 376 143 
0 2 4 5 6 7 8 9 459 481 225 375 476 344 326 158 
0 2 4 5 459 481 225 375 
1 2 3 5 6 7 8 9 10 227 461 376 143 476 344 326 158 320 
8 9 6 7 326 158 476 344 
0 2 4 5 6 7 8 9 459 481 225 375 476 344 326 158 
0 2 4 5 6 7 8 9 459 481 225 375 476 344 326 158 
0 1 2 3 4 5 459 227 461 376 225 143 
0 2 4 5 6 7 8 9 10 459 481 225 375 476 344 326 158 320 
8 10 7 478 320 386 
1 2 3 5 6 7 8 9 10 227 461 376 143 476 344 326 158 320 
1 2 3 5 6 7 8 9 227 461 376 143 476 344 326 158 
0 1 2 3 4 5 7 8 10 459 227 461 376 225 143 386 478 320 
1 2 3 5 6 7 8 9 10 227 461 376 143 476 344 326 158 320 
0 1 2 3 4 5 459 227 461 376 225 143 
1 2 3 5 6 7 8 9 10 227 461 376 143 476 344 326 158 320 
0 1 2 3 4 5 7 8 10 459 227 461 376 225 143 386 478 320 
8 10 7 478 320 386 
6 7 8 9 10 476 344 326 158 320 
0 2 4 5 6 7 8 9 10 459 481 225 375 476 344 326 158 320 
0 1 2 3 4 5 7 8 10 459 227 461 376 225 143 386 478 320 
0 1 2 3 4 5 459 227 461 376 225 143 
0 1 2 3 4 5 7 8 10 459 227 461 376 225 143 386 478 320 
0 1 2 3 4 5 6 7 8 9 459 227 461 376 225 143 476 344 326 158 
1 2 3 5 7 8 10 227 461 376 143 386 478 320 
0 1 2 3 4 5 459 227 461 376 225 143 
1 2 3 5 6 7 8 9 10 227 461 376 143 476 344 326 158 320 
1 2 3 5 6 7 8 9 227 461 376 143 476 344 326 158 
6 7 8 9 10 476 344 326 158 320 
0 2 4 5 6 7 8 9 459 481 225 375 476 344 326 158 
1 2 3 5 7 8 10 227 461 376 143 386 478 320 
8 10 7 478 320 386 
1 2 3 5 6 7 8 9 10 227 461 376 143 476 344 326 158 320 
0 2 4 5 6 7 8 9 459 481 225 375 476 344 326 158 
1 2 3 5 6 7 8 9 10 227 461 376 143 476 344 326 158 320 
1 2 3 5 6 7 8 9 227 461 376 143 476 344 326 158 
1 2 3 5 6 7 8 9 10 227 461 376 143 476 344 326 158 320 
1 2 3 5 227 461 376 143 
0 2 4 5 459 481 225 375 
8 10 7 478 320 386 
0 1 2 3 4 5 6 7 8 9 459 227 461 376 225 143 476 344 326 158 
1 2 3 5 6 7 8 9 10 227 461 376 143 476 344 326 158 320 
0 2 4 5 6 7 8 9 459 481 225 375 476 344 326 158 
0 1 2 3 4 5 459 227 461 376 225 143 
8 9 6 7 326 158 476 344 
0 1 2 3 4 5 7 8 10 459 227 461 376 225 143 386 478 320 
0 1 2 3 4 5 6 7 8 9 459 227 461 376 225 143 476 344 326 158 
8 9 6 7 326 158 476 344 
0 2 4 5 6 7 8 9 459 481 225 375 476 344 326 158 
8 10 7 478 320 386 
8 10 7 478 320 386 
0 2 4 5 6 7 8 9 459 481 225 375 476 344 326 158 
0 1 2 3 4 5 459 227 461 376 225 143 
0 2 4 5 7 8 10 459 481 225 375 386 478 320 
0 2 4 5 459 481 225 375 
1 2 3 5 227 461 376 143 
1 2 3 5 7 8 10 227 461 376 143 386 478 320 
8 10 7 478 320 386 
0 1 2 3 4 5 7 8 10 459 227 461 376 225 143 386 478 320 
0 1 2 3 4 5 7 8 10 459 227 461 376 225 143 386 478 320 
1 2 3 5 6 7 8 9 10 227 461 376 143 476 344 326 158 320 
0 1 2 3 4 5 7 8 10 459 227 461 376 225 143 386 478 320 
1 2 3 5 6 7 8 9 10 227 461 376 143 476 344 326 158 320 
8 10 7 478 320 386 
8 9 6 7 326 158 476 344 
8 9 6 7 326 158 476 344 
1 2 3 5 6 7 8 9 10 227 461 376 143 476 344 326 158 320 
0 2 4 5 6 7 8 9 10 459 481 225 375 476 344 326 158 320 
0 2 4 5 6 7 8 9 459 481 225 375 476 344 326 158 
0 1 2 3 4 5 459 227 461 376 225 143 
0 1 2 3 4 5 6 7 8 9 459 227 461 376 225 143 476 344 326 158 
8 9 6 7 326 158 476 344 
1 2 3 5 7 8 10 227 461 376 143 386 478 320 
0 1 2 3 4 5 459 227 461 376 225 143 
0 2 4 5 7 8 10 459 481 225 375 386 478 320 
0 1 2 3 4 5 7 8 10 459 227 461 376 225 143 386 478 320 
0 1 2 3 4 5 459 227 461 376 225 143 
0 1 2 3 4 5 459 227 461 376 225 143 
0 2 4 5 459 481 225 375 
1 2 3 5 6 7 8 9 10 227 461 376 143 476 344 326 158 320 
0 1 2 3 4 5 6 7 8 9 459 227 461 376 225 143 476 344 326 158 
0 1 2 3 4 5 6 7 8 9 459 227 461 376 225 143 476 344 326 158 
1 2 3 5 6 7 8 9 227 461 376 143 476 344 326 158 
6 7 8 9 10 476 344 326 158 320 
0 2 4 5 459 481 225 375 
0 1 2 3 4 5 6 7 8 9 459 227 461 376 225 143 476 344 326 158 
0 2 4 5 7 8 10 459 481 225 375 386 478 320 
6 7 8 9 10 476 344 326 158 320 
0 1 2 3 4 5 7 8 10 459 227 461 376 225 143 386 478 320 
0 2 4 5 459 481 225 375 
1 2 3 5 6 7 8 9 10 227 461 376 143 476 344 326 158 320 
0 2 4 5 6 7 8 9 10 459 481 225 375 476 344 326 158 320 
8 9 6 7 326 158 476 344 
8 10 7 478 320 386 
0 1 2 3 4 5 459 227 461 376 225 143 
0 1 2 3 4 5 7 8 10 459 227 461 376 225 143 386 478 320 
0 2 4 5 459 481 225 375 
1 2 3 5 6 7 8 9 10 227 461 376 143 476 344 326 158 320 
0 1 2 3 4 5 459 227 461 376 225 143 
0 1 2 3 4 5 459 227 461 376 225 143 
0 1 2 3 4 5 6 7 8 9 459 227 461 376 225 143 476 344 326 158 
0 2 4 5 7 8 10 459 481 225 375 386 478 320 
0 1 2 3 4 5 6 7 8 9 459 227 461 376 225 143 476 344 326 158 
1 2 3 5 6 7 8 9 10 227 461 376 143 476 344 326 158 320 
6 7 8 9 10 476 344 326 158 320 
0 2 4 5 6 7 8 9 10 459 481 225 375 476 344 326 158 320 
0 1 2 3 4 5 7 8 10 459 227 461 376 225 143 386 478 320 
6 7 8 9 10 476 344 326 158 320 
0 2 4 5 6 7 8 9 10 459 481 225 375 476 344 326 158 320 
0 1 2 3 4 5 6 7 8 9 459 227 461 376 225 143 476 344 326 158 
1 2 3 5 7 8 10 227 461 376 143 386 478 320 
0 1 2 3 4 5 6 7 8 9 459 227 461 376 225 143 476 344 326 158 
6 7 8 9 10 476 344 326 158 320 
8 9 6 7 326 158 476 344 
1 2 3 5 227 461 376 143 
0 2 4 5 6 7 8 9 459 481 225 375 476 344 326 158 
1 2 3 5 6 7 8 9 10 227 461 376 143 476 344 326 158 320 
1 2 3 5 7 8 10 227 461 376 143 386 478 320 
0 2 4 5 459 481 225 375 
8 9 6 7 326 158 476 344 
1 2 3 5 227 461 376 143 
0 2 4 5 6 7 8 9 459 481 225 375 476 344 326 158 
1 2 3 5 7 8 10 227 461 376 143 386 478 320 
0 1 2 3 4 5 7 8 10 459 227 461 376 225 143 386 478 320 
1 2 3 5 6 7 8 9 10 227 461 376 143 476 344 326 158 320 
0 1 2 3 4 5 459 227 461 376 225 143 
1 2 3 5 6 7 8 9 10 227 461 376 143 476 344 326 158 320 
0 1 2 3 4 5 459 227 461 376 225 143 
0 2 4 5 7 8 10 459 481 225 375 386 478 320 
1 2 3 5 227 461 376 143 
1 2 3 5 6 7 8 9 10 227 461 376 143 476 344 326 158 320 
1 2 3 5 6 7 8 9 10 227 461 376 143 476 344 326 158 320 
1 2 3 5 227 461 376 143 
1 2 3 5 7 8 10 227 461 376 143 386 478 320 
6 7 8 9 10 476 344 326 158 320 
0 1 2 3 4 5 7 8 10 459 227 461 376 225 143 386 478 320 
0 1 2 3 4 5 6 7 8 9 459 227 461 376 225 143 476 344 326 158 
0 2 4 5 459 481 225 375 
8 9 6 7 326 158 476 344 
8 10 7 478 320 386 
0 2 4 5 6 7 8 9 459 481 225 375 476 344 326 158 
0 1 2 3 4 5 459 227 461 376 225 143 
8 9 6 7 326 158 476 344 
0 1 2 3 4 5 459 227 461 376 225 143 
0 2 4 5 6 7 8 9 10 459 481 225 375 476 344 326 158 320 
0 1 2 3 4 5 6 7 8 9 459 227 461 376 225 143 476 344 326 158 
0 2 4 5 6 7 8 9 459 481 225 375 476 344 326 158 
8 9 6 7 326 158 476 344 
8 9 6 7 326 158 476 344 
0 1 2 3 4 5 6 7 8 9 459 227 461 376 225 143 476 344 326 158 
0 2 4 5 6 7 8 9 459 481 225 375 476 344 326 158 
6 7 8 9 10 476 344 326 158 320 
0 1 2 3 4 5 6 7 8 9 459 227 461 376 225 143 476 344 326 158 
0 2 4 5 459 481 225 375 
0 1 2 3 4 5 6 7 8 9 459 227 461 376 225 143 476 344 326 158 
1 2 3 5 6 7 8 9 227 461 376 143 476 344 326 158 
0 2 4 5 459 481 225 375 
6 7 8 9 10 476 344 326 158 320 
0 1 2 3 4 5 7 8 10 459 227 461 376 225 143 386 478 320 
1 2 3 5 227 461 376 143 
0 2 4 5 6 7 8 9 10 459 481 225 375 476 344 326 158 320 
8 9 6 7 326 158 476 344 
1 2 3 5 6 7 8 9 10 227 461 376 143 476 344 326 158 320 
8 9 6 7 326 158 476 344 
1 2 3 5 227 461 376 143 
0 2 4 5 459 481 225 375 
0 1 2 3 4 5 7 8 10 459 227 461 376 225 143 386 478 320 
1 2 3 5 227 461 376 143 
0 2 4 5 7 8 10 459 481 225 375 386 478 320 
0 2 4 5 459 481 225 375 
0 1 2 3 4 5 459 227 461 376 225 143 
0 2 4 5 7 8 10 459 481 225 375 386 478 320 
1 2 3 5 227 461 376 143 
1 2 3 5 227 461 376 143 
0 1 2 3 4 5 459 227 461 376 225 143 
1 2 3 5 7 8 10 227 461 376 143 386 478 320 
1 2 3 5 6 7 8 9 10 227 461 376 143 476 344 326 158 320 
1 2 3 5 227 461 376 143 
6 7 8 9 10 476 344 326 158 320 
0 2 4 5 6 7 8 9 10 459 481 225 375 476 344 326 158 320 
1 2 3 5 6 7 8 9 10 227 461 376 143 476 344 326 158 320 
6 7 8 9 10 476 344 326 158 320 
1 2 3 5 7 8 10 227 461 376 143 386 478 320 
1 2 3 5 6 7 8 9 10 227 461 376 143 476 344 326 158 320 
1 2 3 5 6 7 8 9 227 461 376 143 476 344 326 158 
0 1 2 3 4 5 6 7 8 9 459 227 461 376 225 143 476 344 326 158 
8 10 7 478 320 386 
0 2 4 5 6 7 8 9 459 481 225 375 476 344 326 158 
1 2 3 5 7 8 10 227 461 376 143 386 478 320 
0 1 2 3 4 5 459 227 461 376 225 143 
8 9 6 7 326 158 476 344 
0 1 2 3 4 5 7 8 10 459 227 461 376 225 143 386 478 320 
1 2 3 5 7 8 10 227 461 376 143 386 478 320 
0 2 4 5 6 7 8 9 10 459 481 225 375 476 344 326 158 320 
0 2 4 5 6 7 8 9 10 459 481 225 375 476 344 326 158 320 
1 2 3 5 227 461 376 143 
0 1 2 3 4 5 6 7 8 9 459 227 461 376 225 143 476 344 326 158 
0 1 2 3 4 5 459 227 461 376 225 143 
0 2 4 5 6 7 8 9 459 481 225 375 476 344 326 158 
1 2 3 5 227 461 376 143 
8 9 6 7 326 158 476 344 
0 2 4 5 7 8 10 459 481 225 375 386 478 320 
1 2 3 5 227 461 376 143 
0 2 4 5 6 7 8 9 459 481 225 375 476 344 326 158 
1 2 3 5 6 7 8 9 227 461 376 143 476 344 326 158 
1 2 3 5 227 461 376 143 
1 2 3 5 6 7 8 9 227 461 376 143 476 344 326 158 
0 2 4 5 459 481 225 375 
0 2 4 5 459 481 225 375 
0 1 2 3 4 5 7 8 10 459 227 461 376 225 143 386 478 320 
8 9 6 7 326 158 476 344 
1 2 3 5 227 461 376 143 
1 2 3 5 6 7 8 9 10 227 461 376 143 476 344 326 158 320 
0 1 2 3 4 5 7 8 10 459 227 461 376 225 143 386 478 320 
6 7 8 9 10 476 344 326 158 320 
0 2 4 5 6 7 8 9 459 481 225 375 476 344 326 158 
1 2 3 5 227 461 376 143 
1 2 3 5 7 8 10 227 461 376 143 386 478 320 
0 1 2 3 4 5 7 8 10 459 227 461 376 225 143 386 478 320 
8 10 7 478 320 386 
8 9 6 7 326 158 476 344 
0 1 2 3 4 5 6 7 8 9 459 227 461 376 225 143 476 344 326 158 
0 1 2 3 4 5 6 7 8 9 459 227 461 376 225 143 476 344 326 158 
0 1 2 3 4 5 6 7 8 9 459 227 461 376 225 143 476 344 326 158 
0 2 4 5 7 8 10 459 481 225 375 386 478 320 
1 2 3 5 6 7 8 9 227 461 376 143 476 344 326 158 
0 2 4 5 6 7 8 9 459 481 225 375 476 344 326 158 
1 2 3 5 6 7 8 9 10 227 461 376 143 476 344 326 158 320 
0 1 2 3 4 5 6 7 8 9 459 227 461 376 225 143 476 344 326 158 
0 1 2 3 4 5 7 8 10 459 227 461 376 225 143 386 478 320 
0 2 4 5 6 7 8 9 459 481 225 375 476 344 326 158 
0 1 2 3 4 5 6 7 8 9 459 227 461 376 225 143 476 344 326 158 
0 2 4 5 459 481 225 375 
1 2 3 5 7 8 10 227 461 376 143 386 478 320 
1 2 3 5 7 8 10 227 461 376 143 386 478 320 
8 9 6 7 326 158 476 344 
8 10 7 478 320 386 
1 2 3 5 7 8 10 227 461 376 143 386 478 320 
0 1 2 3 4 5 459 227 461 376 225 143 
0 1 2 3 4 5 6 7 8 9 459 227 461 376 225 143 476 344 326 158 
1 2 3 5 227 461 376 143 
0 1 2 3 4 5 6 7 8 9 459 227 461 376 225 143 476 344 326 158 
1 2 3 5 6 7 8 9 10 227 461 376 143 476 344 326 158 320 
1 2 3 5 6 7 8 9 10 227 461 376 143 476 344 326 158 320 
0 2 4 5 459 481 225 375 
0 2 4 5 459 481 225 375 
1 2 3 5 7 8 10 227 461 376 143 386 478 320 
0 2 4 5 7 8 10 459 481 225 375 386 478 320 
0 1 2 3 4 5 459 227 461 376 225 143 
0 2 4 5 6 7 8 9 10 459 481 225 375 476 344 326 158 320 
1 2 3 5 227 461 376 143 
8 9 6 7 326 158 476 344 
0 1 2 3 4 5 459 227 461 376 225 143 
1 2 3 5 227 461 376 143 
0 2 4 5 7 8 10 459 481 225 375 386 478 320 
0 1 2 3 4 5 459 227 461 376 225 143 
0 2 4 5 6 7 8 9 10 459 481 225 375 476 344 326 158 320 
0 1 2 3 4 5 459 227 461 376 225 143 
0 1 2 3 4 5 6 7 8 9 459 227 461 376 225 143 476 344 326 158 
0 2 4 5 459 481 225 375 
0 2 4 5 7 8 10 459 481 225 375 386 478 320 
8 10 7 478 320 386 
6 7 8 9 10 476 344 326 158 320 
0 2 4 5 6 7 8 9 10 459 481 225 375 476 344 326 158 320 
8 10 7 478 320 386 
1 2 3 5 6 7 8 9 10 227 461 376 143 476 344 326 158 320 
1 2 3 5 6 7 8 9 10 227 461 376 143 476 344 326 158 320 
0 1 2 3 4 5 6 7 8 9 459 227 461 376 225 143 476 344 326 158 
0 1 2 3 4 5 459 227 461 376 225 143 
0 2 4 5 7 8 10 459 481 225 375 386 478 320 
0 2 4 5 6 7 8 9 459 481 225 375 476 344 326 158 
0 1 2 3 4 5 6 7 8 9 459 227 461 376 225 143 476 344 326 158 
0 2 4 5 459 481 225 375 
1 2 3 5 6 7 8 9 227 461 376 143 476 344 326 158 
0 1 2 3 4 5 459 227 461 376 225 143 
1 2 3 5 6 7 8 9 10 227 461 376 143 476 344 326 158 320 
0 1 2 3 4 5 459 227 461 376 225 143 
1 2 3 5 6 7 8 9 227 461 376 143 476 344 326 158 
0 1 2 3 4 5 7 8 10 459 227 461 376 225 143 386 478 320 
0 1 2 3 4 5 7 8 10 459 227 461 376 225 143 386 478 320 
8 9 6 7 326 158 476 344 
1 2 3 5 6 7 8 9 10 227 461 376 143 476 344 326 158 320 
8 10 7 478 320 386 
0 1 2 3 4 5 6 7 8 9 459 227 461 376 225 143 476 344 326 158 
0 2 4 5 6 7 8 9 10 459 481 225 375 476 344 326 158 320 
6 7 8 9 10 476 344 326 158 320 
1 2 3 5 227 461 376 143 
0 1 2 3 4 5 459 227 461 376 225 143 
8 10 7 478 320 386 
0 2 4 5 6 7 8 9 10 459 481 225 375 476 344 326 158 320 
6 7 8 9 10 476 344 326 158 320 
1 2 3 5 6 7 8 9 227 461 376 143 476 344 326 158 
0 2 4 5 459 481 225 375 
1 2 3 5 7 8 10 227 461 376 143 386 478 320 
0 2 4 5 6 7 8 9 459 481 225 375 476 344 326 158 
0 1 2 3 4 5 459 227 461 376 225 143 
8 10 7 478 320 386 
0 1 2 3 4 5 459 227 461 376 225 143 
1 2 3 5 6 7 8 9 227 461 376 143 476 344 326 158 
8 9 6 7 326 158 476 344 
1 2 3 5 227 461 376 143 
0 2 4 5 6 7 8 9 459 481 225 375 476 344 326 158 
0 2 4 5 459 481 225 375 
1 2 3 5 6 7 8 9 10 227 461 376 143 476 344 326 158 320 
8 9 6 7 326 158 476 344 
0 2 4 5 6 7 8 9 459 481 225 375 476 344 326 158 
0 2 4 5 6 7 8 9 459 481 225 375 476 344 326 158 
0 1 2 3 4 5 459 227 461 376 225 143 
0 2 4 5 6 7 8 9 10 459 481 225 375 476 344 326 158 320 
8 10 7 478 320 386 
1 2 3 5 6 7 8 9 10 227 461 376 143 476 344 326 158 320 
1 2 3 5 6 7 8 9 227 461 376 143 476 344 326 158 
0 1 2 3 4 5 7 8 10 459 227 461 376 225 143 386 478 320 
1 2 3 5 6 7 8 9 10 227 461 376 143 476 344 326 158 320 
0 1 2 3 4 5 459 227 461 376 225 143 
1 2 3 5 6 7 8 9 10 227 461 376 143 476 344 326 158 320 
0 1 2 3 4 5 7 8 10 459 227 461 376 225 143 386 478 320 
8 10 7 478 320 386 
6 7 8 9 10 476 344 326 158 320 
0 2 4 5 6 7 8 9 10 459 481 225 375 476 344 326 158 320 
0 1 2 3 4 5 7 8 10 459 227 461 376 225 143 386 478 320 
0 1 2 3 4 5 459 227 461 376 225 143 
0 1 2 3 4 5 7 8 10 459 227 461 376 225 143 386 478 320 
0 1 2 3 4 5 6 7 8 9 459 227 461 376 225 143 476 344 326 158 
1 2 3 5 7 8 10 227 461 376 143 386 478 320 
0 1 2 3 4 5 459 227 461 376 225 143 
1 2 3 5 6 7 8 9 10 227 461 376 143 476 344 326 158 320 
1 2 3 5 6 7 8 9 227 461 376 143 476 344 326 158 
6 7 8 9 10 476 344 326 158 320 
0 2 4 5 6 7 8 9 459 481 225 375 476 344 326 158 
1 2 3 5 7 8 10 227 461 376 143 386 478 320 
8 10 7 478 320 386 
1 2 3 5 6 7 8 9 10 227 461 376 143 476 344 326 158 320 
0 2 4 5 6 7 8 9 459 481 225 375 476 344 326 158 
1 2 3 5 6 7 8 9 10 227 461 376 143 476 344 326 158 320 
1 2 3 5 6 7 8 9 227 461 376 143 476 344 326 158 
1 2 3 5 6 7 8 9 10 227 461 376 143 476 344 326 158 320 
1 2 3 5 227 461 376 143 
0 2 4 5 459 481 225 375 
8 10 7 478 320 386 
0 1 2 3 4 5 6 7 8 9 459 227 461 376 225 143 476 344 326 158 
1 2 3 5 6 7 8 9 10 227 461 376 143 476 344 326 158 320 
0 2 4 5 6 7 8 9 459 481 225 375 476 344 326 158 
0 1 2 3 4 5 459 227 461 376 225 143 
8 9 6 7 326 158 476 344 
0 1 2 3 4 5 7 8 10 459 227 461 376 225 143 386 478 320 
0 1 2 3 4 5 6 7 8 9 459 227 461 376 225 143 476 344 326 158 
8 9 6 7 326 158 476 344 
0 2 4 5 6 7 8 9 459 481 225 375 476 344 326 158 
8 10 7 478 320 386 
8 10 7 478 320 386 
0 2 4 5 6 7 8 9 459 481 225 375 476 344 326 158 
0 1 2 3 4 5 459 227 461 376 225 143 
0 2 4 5 7 8 10 459 481 225 375 386 478 320 
0 2 4 5 459 481 225 375 
1 2 3 5 227 461 376 143 
1 2 3 5 7 8 10 227 461 376 143 386 478 320 
8 10 7 478 320 386 
0 1 2 3 4 5 7 8 10 459 227 461 376 225 143 386 478 320 
0 1 2 3 4 5 7 8 10 459 227 461 376 225 143 386 478 320 
1 2 3 5 6 7 8 9 10 227 461 376 143 476 344 326 158 320 
0 1 2 3 4 5 7 8 10 459 227 461 376 225 143 386 478 320 
1 2 3 5 6 7 8 9 10 227 461 376 143 476 344 326 158 320 
8 10 7 478 320 386 
8 9 6 7 326 158 476 344 
8 9 6 7 326 158 476 344 
1 2 3 5 6 7 8 9 10 227 461 376 143 476 344 326 158 320 
0 2 4 5 6 7 8 9 10 459 481 225 375 476 344 326 158 320 
0 2 4 5 6 7 8 9 459 481 225 375 476 344 326 158 
0 1 2 3 4 5 459 227 461 376 225 143 
0 1 2 3 4 5 6 7 8 9 459 227 461 376 225 143 476 344 326 158 
8 9 6 7 326 158 476 344 
1 2 3 5 7 8 10 227 461 376 143 386 478 320 
0 1 2 3 4 5 459 227 461 376 225 143 
0 2 4 5 7 8 10 459 481 225 375 386 478 320 
0 1 2 3 4 5 7 8 10 459 227 461 376 225 143 386 478 320 
0 1 2 3 4 5 459 227 461 376 225 143 
0 1 2 3 4 5 459 227 461 376 225 143 
0 2 4 5 459 481 225 375 
1 2 3 5 6 7 8 9 10 227 461 376 143 476 344 326 158 320 
0 1 2 3 4 5 6 7 8 9 459 227 461 376 225 143 476 344 326 158 
0 1 2 3 4 5 6 7 8 9 459 227 461 376 225 143 476 344 326 158 
1 2 3 5 6 7 8 9 227 461 376 143 476 344 326 158 
6 7 8 9 10 476 344 326 158 320 
0 2 4 5 459 481 225 375 
0 1 2 3 4 5 6 7 8 9 459 227 461 376 225 143 476 344 326 158 
0 2 4 5 7 8 10 459 481 225 375 386 478 320 
6 7 8 9 10 476 344 326 158 320 
0 1 2 3 4 5 7 8 10 459 227 461 376 225 143 386 478 320 
0 2 4 5 459 481 225 375 
1 2 3 5 6 7 8 9 10 227 461 376 143 476 344 326 158 320 
0 2 4 5 6 7 8 9 10 459 481 225 375 476 344 326 158 320 
8 9 6 7 326 158 476 344 
8 10 7 478 320 386 
0 1 2 3 4 5 459 227 461 376 225 143 
0 1 2 3 4 5 7 8 10 459 227 461 376 225 143 386 478 320 
0 2 4 5 459 481 225 375 
1 2 3 5 6 7 8 9 10 227 461 376 143 476 344 326 158 320 
0 1 2 3 4 5 459 227 461 376 225 143 
0 1 2 3 4 5 459 227 461 376 225 143 
0 1 2 3 4 5 6 7 8 9 459 227 461 376 225 143 476 344 326 158 
0 2 4 5 7 8 10 459 481 225 375 386 478 320 
0 1 2 3 4 5 6 7 8 9 459 227 461 376 225 143 476 344 326 158 
1 2 3 5 6 7 8 9 10 227 461 376 143 476 344 326 158 320 
6 7 8 9 10 476 344 326 158 320 
0 2 4 5 6 7 8 9 10 459 481 225 375 476 344 326 158 320 
0 1 2 3 4 5 7 8 10 459 227 461 376 225 143 386 478 320 
6 7 8 9 10 476 344 326 158 320 
0 2 4 5 6 7 8 9 10 459 481 225 375 476 344 326 158 320 
0 1 2 3 4 5 6 7 8 9 459 227 461 376 225 143 476 344 326 158 
1 2 3 5 7 8 10 227 461 376 143 386 478 320 
0 1 2 3 4 5 6 7 8 9 459 227 461 376 225 143 476 344 326 158 
6 7 8 9 10 476 344 326 158 320 
8 9 6 7 326 158 476 344 
1 2 3 5 227 461 376 143 
0 2 4 5 6 7 8 9 459 481 225 375 476 344 326 158 
1 2 3 5 6 7 8 9 10 227 461 376 143 476 344 326 158 320 
1 2 3 5 7 8 10 227 461 376 143 386 478 320 
0 2 4 5 459 481 225 375 
8 9 6 7 326 158 476 344 
1 2 3 5 227 461 376 143 
0 2 4 5 6 7 8 9 459 481 225 375 476 344 326 158 
1 2 3 5 7 8 10 227 461 376 143 386 478 320 
0 1 2 3 4 5 7 8 10 459 227 461 376 225 143 386 478 320 
1 2 3 5 6 7 8 9 10 227 461 376 143 476 344 326 158 320 
0 1 2 3 4 5 459 227 461 376 225 143 
1 2 3 5 6 7 8 9 10 227 461 376 143 476 344 326 158 320 
0 1 2 3 4 5 459 227 461 376 225 143 
0 2 4 5 7 8 10 459 481 225 375 386 478 320 
1 2 3 5 227 461 376 143 
1 2 3 5 6 7 8 9 10 227 461 376 143 476 344 326 158 320 
1 2 3 5 6 7 8 9 10 227 461 376 143 476 344 326 158 320 
1 2 3 5 227 461 376 143 
1 2 3 5 7 8 10 227 461 376 143 386 478 320 
6 7 8 9 10 476 344 326 158 320 
0 1 2 3 4 5 7 8 10 459 227 461 376 225 143 386 478 320 
0 1 2 3 4 5 6 7 8 9 459 227 461 376 225 143 476 344 326 158 
0 2 4 5 459 481 225 375 
8 9 6 7 326 158 476 344 
8 10 7 478 320 386 
0 2 4 5 6 7 8 9 459 481 225 375 476 344 326 158 
0 1 2 3 4 5 459 227 461 376 225 143 
8 9 6 7 326 158 476 344 
0 1 2 3 4 5 459 227 461 376 225 143 
0 2 4 5 6 7 8 9 10 459 481 225 375 476 344 326 158 320 
0 1 2 3 4 5 6 7 8 9 459 227 461 376 225 143 476 344 326 158 
0 2 4 5 6 7 8 9 459 481 225 375 476 344 326 158 
8 9 6 7 326 158 476 344 
8 9 6 7 326 158 476 344 
0 1 2 3 4 5 6 7 8 9 459 227 461 376 225 143 476 344 326 158 
0 2 4 5 6 7 8 9 459 481 225 375 476 344 326 158 
6 7 8 9 10 476 344 326 158 320 
0 1 2 3 4 5 6 7 8 9 459 227 461 376 225 143 476 344 326 158 
0 2 4 5 459 481 225 375 
0 1 2 3 4 5 6 7 8 9 459 227 461 376 225 143 476 344 326 158 
1 2 3 5 6 7 8 9 227 461 376 143 476 344 326 158 
0 2 4 5 459 481 225 375 
6 7 8 9 10 476 344 326 158 320 
0 1 2 3 4 5 7 8 10 459 227 461 376 225 143 386 478 320 
1 2 3 5 227 461 376 143 
0 2 4 5 6 7 8 9 10 459 481 225 375 476 344 326 158 320 
8 9 6 7 326 158 476 344 
1 2 3 5 6 7 8 9 10 227 461 376 143 476 344 326 158 320 
8 9 6 7 326 158 476 344 
1 2 3 5 227 461 376 143 
0 2 4 5 459 481 225 375 
0 1 2 3 4 5 7 8 10 459 227 461 376 225 143 386 478 320 
1 2 3 5 227 461 376 143 
0 2 4 5 7 8 10 459 481 225 375 386 478 320 
