34.9121670 135.1967790 1
34.9135542 135.1940471 1
34.9109203 135.1951119 1
34.9127354 135.1971671 1
34.9094820 135.1917060 1
34.9110209 135.1916009 1
34.9078930 135.1908400 1
34.9135100 135.1872480 1
34.9107223 135.1877183 1
34.9152258 135.1871882 1
34.9157550 135.1904190 1
34.9172090 135.1882770 1
34.8999960 135.1961170 1
34.9008062 135.1987973 1
34.9019870 135.1930930 1
34.9008272 135.1922196 1
34.9046130 135.1925080 1
34.9047708 135.1913893 1
34.9047850 135.1950979 1
34.9037230 135.1976000 1
34.9030496 135.1978052 1
34.8964250 135.1866380 1
34.8972372 135.1898028 1
34.8972235 135.1835918 1
34.9014990 135.1807050 1
34.9036250 135.1822480 1
34.9021282 135.1848140 1
34.9036181 135.1804765 1
34.9048330 135.1853260 1
34.9055022 135.1855938 1
34.9028915 135.1867332 1 
34.8998910 135.1865830 1
34.9005385 135.1841881 1
34.9093060 135.1800570 1
34.9100903 135.1785093 1
34.9066647 135.1781504 1
34.9071230 135.1759130 1
34.9093040 135.1762897 1
34.9140420 135.1744350 1
34.9126977 135.1771027 1
34.9146990 135.1810880 1
34.9138349 135.1823937 1
34.9159890 135.1833080 1
34.9170253 135.1823933 1
34.9132980 135.1844303 1
34.9203500 135.1809210 1
34.9170313 135.1784657 1 
34.880260 135.215384 1
34.881949 135.211991 1
34.883556 135.206879 1
34.886237 135.205459 1 
34.884820 135.203919 1
34.884670 135.205684 1
34.887411 135.206675 1
34.887386 135.202403 1
34.889040 135.205239 1
34.889064 135.208191 1
34.880583 135.207702 1
34.877537 135.201685 1
34.879969 135.199389 1
34.884264 135.202743 1
34.881364 135.204279 1
34.881794 135.200215 1
34.882533 135.202259 1
34.882664 135.199404 1
34.880939 135.196317 1
34.882584 135.192441 1
34.884230 135.190314 1
34.884846 135.193832 1
34.886166 135.197083 1
34.887074 135.195113 1
34.888658 135.195962 1
34.888338 135.191776 1
34.888470 135.185551 1
34.887282 135.189285 1
34.890160 135.189428 1
34.891386 135.200206 1
34.889314 135.198059 1
